airfoil_5_0011
1.0 0.0
0.9848868109087459 0.005878218809475904
0.9698505345533667 0.011574151130359919
0.9548915663851267 0.01708953269973986
0.9400103080185115 0.02242617152811728
0.9252071673930039 0.02758594308633146
0.9104825589408702 0.03257078552174422
0.8958369037612439 0.03738269491879697
0.8812706298008143 0.04202372061801097
0.8667841720414476 0.04649596060643739
0.852377972695084 0.0508015569914988
0.8380524814062786 0.05494269156908848
0.8238081554627781 0.0589215814957325
0.8096454600145419 0.06274047507356856
0.7955648683016565 0.06640164765586348
0.7815668618916044 0.06990739767978861
0.767651930926394 0.07326004283219473
0.7538205743800791 0.07646191635319037
0.7400733003272381 0.0795153634814235
0.7264106262230219 0.08242273804410655
0.712833079195415 0.08518479063237988
0.6993411963504079 0.08780411615646926
0.6859355250908198 0.09028421092750034
0.6726166234495703 0.09262744064052474
0.6593850604382495 0.09483616501633947
0.6462414164119045 0.09691273520607206
0.6331862834510237 0.09885949134238527
0.6202202657617758 0.10067876023523793
0.6073439800956417 0.10237285320965399
0.594558056189662 0.1039440640825107
0.5818631372286244 0.10539466727495571
0.5692598803306149 0.10672691605670159
0.5567489570574725 0.10794304091812165
0.5443310539518175 0.10904524806577888
0.5320068731024554 0.11003571803676142
0.5197771327401178 0.11091660442696587
0.5076425678656601 0.11169003272826451
0.4956039309130315 0.11235809926930777
0.4836619924495292 0.1129228702545482
0.47181754191607456 0.11338638089592194
0.4600713884105068 0.11375063463148276
0.4484243615171565 0.11401760242515194
0.4368773121862799 0.11418638411131288
0.4254311136672716 0.11425734560779563
0.41408666249996107 0.11423668553867347
0.4028448795687254 0.11412624173563088
0.3917067112246285 0.11392781602375868
0.3806731304813424 0.11364317382173772
0.36974513829120154 0.11327404377583868
0.3589237649084351 0.11282211741984569
0.3482100713473836 0.11228904885260473
0.3376051509443837 0.11167645442441206
0.32711013103299513 0.11098591242287786
0.31672617474336806 0.11021896274820431
0.30645448293783734 0.1093771065669827
0.29629629629629634 0.10846068806273006
0.2862528975665921 0.10746529197991322
0.2763256139971217 0.10639924523894301
0.26651581997104606 0.10526388091464028
0.2568249398641327 0.10406048938010755
0.24725445115124314 0.1027903174686433
0.23780588778999487 0.10145456749060403
0.22848084391422852 0.10005439607717467
0.2192809778747372 0.09859091281854018
0.21020801667040115 0.09706517865851803
0.2012637608196102 0.09547820400108221
0.1924500897298753 0.09383094647608939
0.18376896763311878 0.09212430830153236
0.1752224501656569 0.09035305916293941
0.16681269168581223 0.08852237618412846
0.15854195343901464 0.08663464048408047
0.1504126127009363 0.08469048559062181
0.1424271730546619 0.0826904679128603
0.13458827598943432 0.0806350599598583
0.12689871404788033 0.07852464230107056
0.11936144579814084 0.07635949401034606
0.11197961297015549 0.07413978127373115
0.10475656017578483 0.07186554376285723
0.09769585773645055 0.06953667827521698
0.09080132827787774 0.06715291901335738
0.08407707793119629 0.0647138137080186
0.07752753322022198 0.062218694573873794
0.07115748504132687 0.05966664280580295
0.06497214159251473 0.05705644495998556
0.05897719273950932 0.05438653909600927
0.05317888920840895 0.05165494796267679
0.0475841413101678 0.0488591957812797
0.04220064386804796 0.04599620434485721
0.03703703703703704 0.043062163349781295
0.032103117483016586 0.04005236953664126
0.02741012223434215 0.03696103052072961
0.022971120954139848 0.03378103527749212
0.01880157658761704 0.03050371253107143
0.014920180724767605 0.027118654113579253
0.011350166034734717 0.02360479730241234
0.008121517699064341 0.019865218550574396
0.005275080483505995 0.01592432304150985
0.002871390119267481 0.011725470027238217
0.0010151897123830426 0.006811289881404442
0.0 0.0
0.0 0.0
0.0010151897123830426 -0.003763098296938285
0.002871390119267481 -0.005562571391573136
0.005275080483505995 -0.006676324394654779
0.008121517699064341 -0.007397898311452385
0.011350166034734717 -0.007828107897492255
0.014920180724767605 -0.008028746311699905
0.01880157658761704 -0.008050445613223593
0.022971120954139848 -0.007938283628013219
0.02741012223434215 -0.0077087423532441746
0.032103117483016586 -0.007379422448998626
0.03703703703703704 -0.006974263766038656
0.04220064386804796 -0.006505198380386419
0.0475841413101678 -0.005982620146927252
0.05317888920840895 -0.005415592924383044
0.05897719273950932 -0.004812034640689881
0.06497214159251473 -0.004178876618500746
0.07115748504132687 -0.0035222000822365696
0.07752753322022198 -0.002847352588483933
0.08407707793119629 -0.0021590472040130667
0.09080132827787774 -0.0014614470357773826
0.09769585773645055 -0.0007582373955570906
0.10475656017578483 -5.26875484312731e-05
0.11197961297015549 0.0006522963134046102
0.11936144579814084 0.0013541254988808924
0.12689871404788033 0.002050489504258334
0.13458827598943432 0.002739322004365337
0.1424271730546619 0.0034187713545427096
0.1504126127009363 0.004087174940021104
0.15854195343901464 0.004743036817582244
0.16681269168581223 0.00538500818359073
0.1752224501656569 0.0060118702762316486
0.18376896763311878 0.0066216809328837325
0.1924500897298753 0.007210452149051378
0.2012637608196102 0.007780656105126145
0.21020801667040115 0.008331505900204598
0.2192809778747372 0.008862286845866851
0.22848084391422852 0.009372348217025957
0.23780588778999487 0.00986109599606033
0.24725445115124314 0.010327833789937024
0.2568249398641327 0.010765932700245505
0.26651581997104606 0.011180984127382238
0.2763256139971217 0.01157261608888079
0.2862528975665921 0.011940487790480864
0.29629629629629634 0.012284286302762857
0.30645448293783734 0.012603723690817454
0.31672617474336806 0.012892214296852366
0.32711013103299513 0.013154899223761993
0.3376051509443837 0.013392504606707873
0.3482100713473836 0.013604871709865072
0.3589237649084351 0.013791857102419194
0.36974513829120154 0.01395246189661129
0.3806731304813424 0.014081023844130607
0.3917067112246285 0.014184025828990358
0.4028448795687254 0.014261427798042788
0.41408666249996107 0.014313202501548139
0.4254311136672716 0.014339335944076789
0.4368773121862799 0.01433662066638533
0.4484243615171565 0.014304855577171968
0.4600713884105068 0.014247845348856689
0.47181754191607456 0.01416568139772859
0.4836619924495292 0.014058473358784292
0.4956039309130315 0.013926351088390257
0.5076425678656601 0.013765481631238167
0.5197771327401178 0.013578646294848552
0.5320068731024554 0.01336793435752798
0.5443310539518175 0.013133619315146573
0.5567489570574725 0.012876008767789108
0.5692598803306149 0.012595448675772315
0.5818631372286244 0.012290356618988271
0.594558056189662 0.011961375132313384
0.6073439800956417 0.01161136006378272
0.6202202657617758 0.011240889144920678
0.6331862834510237 0.01085060673825866
0.6462414164119045 0.010441232250993691
0.6593850604382495 0.01001356964491562
0.6726166234495703 0.00956848483509089
0.6859355250908198 0.009105425741663453
0.6993411963504079 0.008627693076907335
0.712833079195415 0.008136544408094661
0.7264106262230219 0.007633385644498765
0.7400733003272381 0.007119790719209917
0.7538205743800791 0.006597524208884969
0.767651930926394 0.006068567420152747
0.7815668618916044 0.005535148583315704
0.7955648683016565 0.004999777933223895
0.8096454600145419 0.004465288631371181
0.8238081554627781 0.003934884702404339
0.8380524814062786 0.003412197435630675
0.852377972695084 0.0029013520554937253
0.8667841720414476 0.002407046918223496
0.8812706298008143 0.0019346480773260223
0.8958369037612439 0.0014903028225593416
0.9104825589408702 0.0010810767967398957
0.9252071673930039 0.0007151206174998545
0.9400103080185115 0.00040187369731037564
0.9548915663851267 0.00015913673141337856
0.9698505345533667 1.6717285611138482e-06
0.9848868109087459 -5.7907180501332495e-05
1.0 0.0
