airfoil_5_0018
1.0 0.0
0.9848868109087459 0.005732444643503848
0.9698505345533667 0.011301684242646314
0.9548915663851267 0.016708122912413335
0.9400103080185115 0.021952280698662566
0.9252071673930039 0.027034791468543106
0.9104825589408702 0.03195640044208848
0.8958369037612439 0.03671796138552662
0.8812706298008143 0.041320433488421245
0.8667841720414476 0.045764877948087375
0.852377972695084 0.05005245428581808
0.8380524814062786 0.05418441642030308
0.8238081554627781 0.05816210852422722
0.8096454600145419 0.061986960690405456
0.7955648683016565 0.06566048443394701
0.7815668618916044 0.06918426805686119
0.767651930926394 0.07255997190122304
0.7538205743800791 0.07578932351653131
0.7400733003272381 0.07887411276622172
0.7264106262230219 0.08181618689746577
0.712833079195415 0.08461744559740575
0.6993411963504079 0.08727983605786568
0.6859355250908198 0.08980534806935643
0.6726166234495703 0.09219600916387735
0.6593850604382495 0.09445387982462579
0.6462414164119045 0.09658104877927404
0.6331862834510237 0.09857962839198181
0.6202202657617758 0.10045175016779252
0.6073439800956417 0.1021995603815306
0.594558056189662 0.10382521584178815
0.5818631372286244 0.10533087979907355
0.5692598803306149 0.10671871800570468
0.5567489570574725 0.10799089493357342
0.5443310539518175 0.10914957015449525
0.5320068731024554 0.11019689488649416
0.5197771327401178 0.11113500870806389
0.5076425678656601 0.11196603644119739
0.4956039309130315 0.11268781177436106
0.4836619924495292 0.11330623921807043
0.47181754191607456 0.11382377649942228
0.4600713884105068 0.1142424617659662
0.4484243615171565 0.11456430489059047
0.4368773121862799 0.11479128523705341
0.4254311136672716 0.11492534956984539
0.41408666249996107 0.11496841010120559
0.4028448795687254 0.11492234266727858
0.3917067112246285 0.11478898502458185
0.3806731304813424 0.11457013525715336
0.36974513829120154 0.114267550283945
0.3589237649084351 0.11388294445520969
0.3482100713473836 0.11341798822577887
0.3376051509443837 0.11287430689222307
0.32711013103299513 0.11225347937990836
0.31672617474336806 0.11155703706487864
0.30645448293783734 0.11078646261427445
0.29629629629629634 0.10993705959555765
0.2862528975665921 0.10901611538171416
0.2763256139971217 0.10802511566447424
0.26651581997104606 0.10696532393021421
0.2568249398641327 0.10583794721866814
0.24725445115124314 0.10464413456198458
0.23780588778999487 0.10338497526936731
0.22848084391422852 0.10206149701945434
0.2192809778747372 0.10067466371714934
0.21020801667040115 0.09922537306502512
0.2012637608196102 0.09771445379138995
0.1924500897298753 0.09614266246729081
0.18376896763311878 0.09451067983267405
0.1752224501656569 0.09281910653705464
0.16681269168581223 0.091065670178856
0.15854195343901464 0.08924964261725349
0.1504126127009363 0.08737519248457802
0.1424271730546619 0.08544253002653364
0.13458827598943432 0.08345175205001594
0.12689871404788033 0.08140283155017859
0.11936144579814084 0.07929560545872867
0.11197961297015549 0.0771297601204892
0.10475656017578483 0.07490481400989298
0.09769585773645055 0.07262009707685436
0.09080132827787774 0.07027472595405929
0.08407707793119629 0.0678675740540559
0.07752753322022198 0.06539723532002216
0.07115748504132687 0.06286198004971233
0.06497214159251473 0.06025970076366922
0.05897719273950932 0.057587845507123016
0.05317888920840895 0.05484333522859941
0.0475841413101678 0.05202246094322452
0.04220064386804796 0.04912075527663115
0.03703703703703704 0.04613283181676823
0.032103117483016586 0.04305218489427504
0.02741012223434215 0.03987094317320793
0.022971120954139848 0.03657957605459138
0.01880157658761704 0.03316657134139582
0.014920180724767605 0.029618161009847727
0.011350166034734717 0.025868514054789186
0.008121517699064341 0.021884813501997547
0.005275080483505995 0.017650959903340965
0.002871390119267481 0.013051100379081802
0.0010151897123830426 0.007655177249775921
0.0 0.0
0.0 0.0
0.0010151897123830426 -0.0038770877386268463
0.002871390119267481 -0.005664601202496114
0.005275080483505995 -0.00673866852225699
0.008121517699064341 -0.0073854936121462164
0.011350166034734717 -0.007716179403846023
0.014920180724767605 -0.00783464901676512
0.01880157658761704 -0.007777795519514888
0.022971120954139848 -0.007596743687013026
0.02741012223434215 -0.0073015465416029915
0.032103117483016586 -0.006923521704032634
0.03703703703703704 -0.006478872453373983
0.04220064386804796 -0.005979304579761336
0.0475841413101678 -0.0054347856812381355
0.05317888920840895 -0.004853725647541653
0.05897719273950932 -0.004245220830954534
0.06497214159251473 -0.0036153948742402102
0.07115748504132687 -0.002969588125535281
0.07752753322022198 -0.002312462658445087
0.08407707793119629 -0.0016480931219949669
0.09080132827787774 -0.000980045111118317
0.09769585773645055 -0.00031144269661072027
0.10475656017578483 0.00035497338788703084
0.11197961297015549 0.0010167955763535838
0.11936144579814084 0.0016719061663573623
0.12689871404788033 0.0023184398902218405
0.13458827598943432 0.0029547515154084445
0.1424271730546619 0.0035793877539743325
0.1504126127009363 0.004188413505747418
0.15854195343901464 0.004782535945821809
0.16681269168581223 0.0053610690463245445
0.1752224501656569 0.005923145027305285
0.18376896763311878 0.006467997071684446
0.1924500897298753 0.00699494627257797
0.2012637608196102 0.00750339025168786
0.21020801667040115 0.007992793224992934
0.2192809778747372 0.008458974065639205
0.22848084391422852 0.0089030211585178
0.23780588778999487 0.009326466212864936
0.24725445115124314 0.009729011891948587
0.2568249398641327 0.010110393471817027
0.26651581997104606 0.010470374320359677
0.2763256139971217 0.010805717895857886
0.2862528975665921 0.011115348781580424
0.29629629629629634 0.011402921172364331
0.30645448293783734 0.011668325826527309
0.31672617474336806 0.011911465862275683
0.32711013103299513 0.012132254982380937
0.3376051509443837 0.012324039792708309
0.3482100713473836 0.012492663998574113
0.3589237649084351 0.012638849026363823
0.36974513829120154 0.012762585529984835
0.3806731304813424 0.012863869163530465
0.3917067112246285 0.01293797525142583
0.4028448795687254 0.012987324777204308
0.41408666249996107 0.013014503626426931
0.4254311136672716 0.013019571252853744
0.4368773121862799 0.013002592341809798
0.4484243615171565 0.01296025722562934
0.4600713884105068 0.012892984711136637
0.47181754191607456 0.01280429975601887
0.4836619924495292 0.012694338612536361
0.4956039309130315 0.01256324829895571
0.5076425678656601 0.012409521344903703
0.5197771327401178 0.012231202481658668
0.5320068731024554 0.012032793344261808
0.5443310539518175 0.011814542038490528
0.5567489570574725 0.011576719326696306
0.5692598803306149 0.01131962219834095
0.5818631372286244 0.011040168767849818
0.594558056189662 0.010741841814421
0.6073439800956417 0.010425953009014511
0.6202202657617758 0.010092976457721019
0.6331862834510237 0.009743436614953874
0.6462414164119045 0.009377915388541642
0.6593850604382495 0.008995456113542553
0.6726166234495703 0.008598135977671353
0.6859355250908198 0.008187656400407417
0.6993411963504079 0.007764928905469075
0.712833079195415 0.007330971154217225
0.7264106262230219 0.006886921848359637
0.7400733003272381 0.006434057888931269
0.7538205743800791 0.005973814209283604
0.767651930926394 0.005507772877182304
0.7815668618916044 0.005038041103768597
0.7955648683016565 0.004566810336280196
0.8096454600145419 0.004096346839946808
0.8238081554627781 0.003629216363079558
0.8380524814062786 0.00316833133602959
0.852377972695084 0.0027170069037651943
0.8667841720414476 0.002279027796370474
0.8812706298008143 0.0018587285784430392
0.8958369037612439 0.0014610905223114063
0.9104825589408702 0.0010918592812089684
0.9252071673930039 0.0007576887815965994
0.9400103080185115 0.00046995405367092493
0.9548915663851267 0.00023857344959969155
0.9698505345533667 7.350378498593486e-05
0.9848868109087459 -1.1507883043457007e-05
1.0 0.0
