0 75.977 2 0.25
1 27.869 2 0.25
2 22.097 2 0.25
3 21.855 2 0.25
4 19.878 2 0.25
5 12.609 2 0.25
6 7.945 2 0.25
7 1.817 2 0.25
8 1.609 2 0.25
9 -1.931 2 0.25
0 46.12 2 250
1 45.913 2 250
2 39.428 2 250
3 38.732 2 250
4 29.53 2 250
5 27.262 2 250
6 19.98 2 250
7 11.047 2 250
8 4.847 2 250
9 4.245 2 250
0 38.751 2 250
1 31.881 2 250
2 25.979 2 250
3 10.604 2 250
4 8.734 2 250
5 8.055 2 250
6 7.743 2 250
7 2.735 2 250
8 -3.481 2 250
9 -11.17 2 250
0 36.877 2 250
1 30.756 2 250
2 26.758 2 250
3 23.484 2 250
4 19.543 2 250
5 11.036 2 250
6 1.012 2 250
7 -1.837 2 250
8 -5.366 2 250
9 -17.648 2 250
0 42.943 2 250
1 37.506 2 250
2 35.71 2 250
3 25.217 2 250
4 19.328 2 250
5 18.508 2 250
6 13.444 2 250
7 10.03 2 250
8 -0.503 2 250
9 -3.521 2 250
0 -3.982 2 250
1 -5.009 2 250
2 17.908 2 250
3 6.805 2 250
4 26.303 2 250
5 8.554 2 250
6 10.977 2 250
7 3.377 2 250
8 14.585 2 250
9 16.454 2 250
0 -1.604 2 250
1 3.842 2 250
2 27.022 2 250
3 4.521 2 250
4 12.018 2 250
5 34.111 2 250
6 12.107 2 250
7 -7.535 2 250
8 3.25 2 250
9 54.326 2 250
0 1.18 2 250
1 25.797 2 250
2 1.747 2 250
3 18.775 2 250
4 0.381 2 250
5 54.37 2 250
6 -8.047 2 250
7 41.016 2 250
8 64.245 2 250
9 11.809 2 250
0 16.444 2 250
1 14.314 2 250
2 -9.651 2 250
3 -3.86 2 250
4 37.16 2 250
5 17.064 2 250
6 12.259 2 250
7 23.01 2 250
8 11.778 2 250
9 9.62 2 250
0 -1.542 2 250
1 50.516 2 250
2 10.604 2 250
3 -12.414 2 250
4 10.307 2 250
5 12.122 2 250
6 32.604 2 250
7 42.852 2 250
8 2797.143 2 250
9 -2.741 2 250
10 2797.143 2 250
11 50.516 2 250
12 42.852 2 250
13 2797.143 2.0 250.0
14 2797.143 2.0 250.0
15 2797.143 2.0 250.0
16 2797.143 2.0 250.0
17 2797.143 2.0 250.0
18 2797.143 2.0 250.0
19 2797.143 2.0 250.0
20 2797.143 2 250
21 2797.143 2.0 250.0
22 2797.143 2.0 250.0
23 2797.143 2.0 250.0
24 2797.143 2.0 250.0
25 2797.143 2.0 250.0
26 2797.143 2.0 250.0
27 2797.143 2.0 250.0
28 2797.143 2.0 250.0
29 2797.143 2.0 250.0
30 2797.143 2 250
31 2797.143 2.0 250.0
32 2797.143 2.0 250.0
33 2797.143 2.0 250.0
34 2797.143 2.0 250.0
35 2797.143 2.0 250.0
36 2797.143 2.0 250.0
37 2797.143 2.0 250.0
38 2797.143 2.0 250.0
39 2797.143 2.0 250.0
0 4.734 2 250
1 25.879 2 250
2 14.698 2 250
3 29.033 2 250
4 13.529 2 250
5 -0.67 2 250
6 64.633 2 250
7 1.691 2 250
8 19.951 2 250
9 15.055 2 250
10 64.633 2 250
11 29.033 2 250
12 25.879 2 250
13 64.633 2.0 250.0
14 25.879 2.0 250.0
15 64.633 2.0 250.0
16 64.633 2.0 250.0
17 64.633 2.0 250.0
18 64.633 2.0 250.0
19 29.033 2.0 250.0
20 64.633 2 250
21 64.633 2.0 250.0
22 64.633 2.0 250.0
23 64.633 2.0 250.0
24 64.633 2.0 250.0
25 64.633 2.0 250.0
26 64.633 2.0 250.0
27 64.633 2.0 250.0
28 64.633 2.0 250.0
29 64.633 2.0 250.0
30 64.633 2 250
31 64.633 2.0 250.0
32 64.633 2.0 250.0
33 64.633 2.0 250.0
34 64.633 2.0 250.0
35 64.633 2.0 250.0
36 64.633 2.0 250.0
37 64.633 2.0 250.0
38 64.633 2.0 250.0
39 64.633 2.0 250.0
0 6.794 2 250
1 -0.356 2 250
2 30.413 2 250
3 -10.94 2 250
4 -0.361 2 250
5 1.365 2 250
6 28.992 2 250
7 81.339 2 250
8 17.558 2 250
9 24.295 2 250
10 81.339 2 250
11 30.413 2 250
12 28.992 2 250
13 68.929 2.0 250.0
14 68.929 2.0 250.0
15 81.339 2.0 250.0
16 81.339 2.0 250.0
17 30.413 2.0 250.0
18 81.339 2.0 250.0
19 81.339 2.0 250.0
20 81.339 2 250
21 81.339 2.0 250.0
22 81.339 2.0 250.0
23 81.339 2.0 250.0
24 81.339 2.0 250.0
25 81.339 2.0 250.0
26 81.339 2.0 250.0
27 81.339 2.0 250.0
28 81.339 2.0 250.0
29 81.339 2.0 250.0
30 81.339 2 250
31 81.339 2.0 250.0
32 81.339 2.0 250.0
33 81.339 2.0 250.0
34 81.339 2.0 250.0
35 81.339 2.0 250.0
36 81.339 2.0 250.0
37 81.339 2.0 250.0
38 81.339 2.0 250.0
39 81.339 2.0 250.0
0 39.694 2 250
1 17.355 2 250
2 -4.957 2 250
3 9.702 2 250
4 4.931 2 250
5 18.543 2 250
6 6.234 2 250
7 34.523 2 250
8 2.676 2 250
9 25.391 2 250
10 39.694 2 250
11 34.523 2 250
12 25.391 2 250
13 24.465 2.0 250.0
14 42.251 2.0 250.0
15 39.694 2.0 250.0
16 34.523 2.0 250.0
17 42.251 2.0 250.0
18 42.251 2.0 250.0
19 42.251 2.0 250.0
20 42.251 2.0 250.0
21 42.251 2.0 250.0
22 42.251 2.0 250.0
23 42.251 2.0 250.0
24 42.251 2.0 250.0
25 42.251 2.0 250.0
26 42.251 2.0 250.0
27 42.251 2.0 250.0
28 42.251 2.0 250.0
29 42.251 2.0 250.0
30 42.251 2.0 250.0
31 42.251 2.0 250.0
32 42.251 2.0 250.0
33 42.251 2.0 250.0
34 42.251 2.0 250.0
35 42.251 2.0 250.0
36 42.251 2.0 250.0
37 42.251 2.0 250.0
38 42.251 2.0 250.0
39 42.251 2.0 250.0
0 0.619 2 250
1 54.19 2 250
2 -9.202 2 250
3 -3.319 2 250
4 2.346 2 250
5 25.215 2 250
6 28.099 2 250
7 -2.555 2 250
8 8.068 2 250
9 10.866 2 250
10 6.573 2 250
11 9.51 2 250
12 6.893 2 250
13 -2.492 2 250
14 14.925 2 250
15 7.006 2 250
16 14.734 2 250
17 18.892 2 250
18 7.118 2 250
19 54.227 2 250
20 28.451 2 250
21 19.908 2 250
22 72.337 2 250
23 36.832 2 250
24 8.701 2 250
25 33.484 2 250
26 24.645 2 250
27 1.68 2 250
28 30.268 2 250
29 2.659 2 250
30 20.732 2 250
31 10.712 2 250
32 3.192 2 250
33 9.457 2 250
34 -1.083 2 250
35 9.885 2 250
36 82.049 2 250
37 -4.732 2 250
38 6.312 2 250
39 65.115 2 250
40 24.766 2 250
41 -8.922 2 250
42 7.591 2 250
43 51.219 2 250
44 14.376 2 250
45 0.156 2 250
46 5.205 2 250
47 8.45 2 250
48 47.13 2 250
49 13.181 2 250
50 23.647 2 250
51 35.549 2 250
52 5.25 2 250
53 -1.74 2 250
54 0.706 2 250
55 -3.624 2 250
56 6.823 2 250
57 19.01 2 250
58 -10.189 2 250
59 5.83 2 250
60 15.788 2 250
61 -3.837 2 250
62 71.587 2 250
63 21.219 2 250
64 -6.34 2 250
65 1.921 2 250
66 22.338 2 250
67 29.361 2 250
68 -2.617 2 250
69 45.367 2 250
70 30.316 2 250
71 2.309 2 250
72 11.03 2 250
73 21.277 2 250
74 -8.624 2 250
75 6.333 2 250
76 21.531 2 250
77 -7.917 2 250
78 18.426 2 250
79 -5.334 2 250
80 29.456 2 250
81 35.594 2 250
82 15.086 2 250
83 -5.187 2 250
84 44.737 2 250
85 5.211 2 250
86 13.886 2 250
87 1.83 2 250
88 25.259 2 250
89 63.145 2 250
90 -5.864 2 250
91 -4.989 2 250
92 4.693 2 250
93 8.987 2 250
94 -8.586 2 250
95 7.304 2 250
96 21.814 2 250
97 16.545 2 250
98 28.559 2 250
99 33.1 2 250
0 10.057 2 250
1 0.873 2 250
2 1.549 2 250
3 13.364 2 250
4 15.105 2 250
5 36.082 2 250
6 16.751 2 250
7 7.699 2 250
8 63.991 2 250
9 10.652 2 250
10 44.865 2 250
11 32.452 2 250
12 21.221 2 250
13 5.85 2 250
14 12.947 2 250
15 52.355 2 250
16 64.817 2 250
17 25.649 2 250
18 13.95 2 250
19 23.994 2 250
20 15.632 2 250
21 2.671 2 250
22 35.213 2 250
23 2.668 2 250
24 16.713 2 250
25 18.486 2 250
26 -5.527 2 250
27 8.489 2 250
28 27.081 2 250
29 0.792 2 250
30 27.149 2 250
31 34.725 2 250
32 17.553 2 250
33 -4.485 2 250
34 26.836 2 250
35 13.398 2 250
36 1.137 2 250
37 15.386 2 250
38 -6.772 2 250
39 32.182 2 250
40 28.882 2 250
41 22.609 2 250
42 -1.882 2 250
43 1.004 2 250
44 25.619 2 250
45 6.067 2 250
46 37.849 2 250
47 25.512 2 250
48 35.501 2 250
49 18.758 2 250
50 -7.083 2 250
51 36.023 2 250
52 -0.957 2 250
53 16.627 2 250
54 -3.2 2 250
55 25.573 2 250
56 10.312 2 250
57 -2.87 2 250
58 15.277 2 250
59 26.456 2 250
60 -15.546 2 250
61 50.186 2 250
62 56.721 2 250
63 20.099 2 250
64 22.971 2 250
65 19.761 2 250
66 29.146 2 250
67 8.277 2 250
68 0.879 2 250
69 -1.717 2 250
70 68.51 2 250
71 51.852 2 250
72 3.657 2 250
73 4.918 2 250
74 20.652 2 250
75 24.648 2 250
76 24.489 2 250
77 18.174 2 250
78 9.719 2 250
79 30.965 2 250
80 39.946 2 250
81 24.574 2 250
82 5.113 2 250
83 33.309 2 250
84 31.881 2 250
85 -1.309 2 250
86 26.322 2 250
87 6.148 2 250
88 30.874 2 250
89 26.221 2 250
90 -9.434 2 250
91 4.312 2 250
92 39.935 2 250
93 -2.165 2 250
94 14.212 2 250
95 17.504 2 250
96 12.483 2 250
97 0.541 2 250
98 13.135 2 250
99 -1.154 2 250
100 68.51 2 250
101 69.581 2 250
102 69.518 2 250
103 57.641 2 250
104 68.84 2 250
105 51.852 2 250
106 50.186 2 250
107 44.865 2 250
108 39.946 2 250
109 43.155 2 250
110 37.849 2 250
111 36.082 2 250
112 36.023 2 250
113 35.501 2 250
114 35.213 2 250
115 34.725 2 250
116 33.309 2 250
117 32.452 2 250
118 32.182 2 250
119 31.881 2 250
120 30.965 2 250
121 30.874 2 250
122 29.146 2 250
123 31.926 2 250
124 30.764 2 250
125 27.081 2 250
126 26.836 2 250
127 26.456 2 250
128 32.371 2 250
129 26.221 2 250
130 25.649 2 250
131 25.619 2 250
132 25.573 2 250
133 25.512 2 250
134 24.648 2 250
135 25.753 2 250
136 24.489 2 250
137 23.994 2 250
138 22.971 2 250
139 22.609 2 250
140 24.475 2 250
141 20.652 2 250
142 20.099 2 250
143 20.945 2 250
144 20.101 2 250
145 20.132 2 250
146 20.082 2 250
147 17.553 2 250
148 17.504 2 250
149 16.751 2 250
150 58.156 2.0 250.0
151 78.846 2.0 250.0
152 39.38 2.0 250.0
153 49.31 2.0 250.0
154 48.345 2.0 250.0
155 30.367 2.0 250.0
156 29.662 2.0 250.0
157 26.296 2.0 250.0
158 43.088 2.0 250.0
159 44.298 2.0 250.0
160 31.558 2.0 250.0
161 30.469 2.0 250.0
162 25.772 2.0 250.0
163 47.459 2.0 250.0
164 38.77 2.0 250.0
165 69.801 2.0 250.0
166 25.754 2.0 250.0
167 71.529 2.0 250.0
168 31.086 2.0 250.0
169 45.545 2.0 250.0
170 74.992 2.0 250.0
171 75.873 2.0 250.0
172 31.445 2.0 250.0
173 38.753 2.0 250.0
174 47.762 2.0 250.0
175 23.731 2.0 250.0
176 73.265 2.0 250.0
177 50.257 2.0 250.0
178 41.242 2.0 250.0
179 33.246 2.0 250.0
180 67.098 2.0 250.0
181 38.224 2.0 250.0
182 33.847 2.0 250.0
183 71.992 2.0 250.0
184 53.73 2.0 250.0
185 39.51 2.0 250.0
186 72.625 2.0 250.0
187 74.016 2.0 250.0
188 31.95 2.0 250.0
189 25.164 2.0 250.0
190 56.766 2.0 250.0
191 21.979 2.0 250.0
192 37.736 2.0 250.0
193 48.552 2.0 250.0
194 74.256 2.0 250.0
195 43.872 2.0 250.0
196 45.8 2.0 250.0
197 46.287 2.0 250.0
198 51.368 2.0 250.0
199 48.405 2.0 250.0
200 78.846 2.0 250.0
201 77.651 2.0 250.0
202 74.992 2.0 250.0
203 74.256 2.0 250.0
204 74.016 2.0 250.0
205 73.265 2.0 250.0
206 73.426 2.0 250.0
207 71.992 2.0 250.0
208 71.529 2.0 250.0
209 69.801 2.0 250.0
210 69.581 2 250
211 69.518 2 250
212 68.84 2 250
213 68.51 2 250
214 67.098 2.0 250.0
215 58.156 2.0 250.0
216 58.908 2 250
217 56.766 2.0 250.0
218 53.73 2.0 250.0
219 51.852 2 250
220 57.114 2.0 250.0
221 50.257 2.0 250.0
222 50.186 2 250
223 63.259 2.0 250.0
224 50.674 2.0 250.0
225 48.405 2.0 250.0
226 48.345 2.0 250.0
227 47.762 2.0 250.0
228 47.459 2.0 250.0
229 46.567 2.0 250.0
230 45.8 2.0 250.0
231 46.165 2.0 250.0
232 44.865 2 250
233 44.298 2.0 250.0
234 43.872 2.0 250.0
235 43.155 2 250
236 43.088 2.0 250.0
237 42.275 2.0 250.0
238 39.946 2 250
239 46.361 2.0 250.0
240 39.38 2.0 250.0
241 42.215 2.0 250.0
242 38.753 2.0 250.0
243 38.224 2.0 250.0
244 37.849 2 250
245 38.446 2.0 250.0
246 36.082 2 250
247 36.023 2 250
248 35.501 2 250
249 35.213 2 250
250 83.194 2.0 250.0
251 61.123 2.0 250.0
252 78.659 2.0 250.0
253 59.144 2.0 250.0
254 36.237 2.0 250.0
255 62.791 2.0 250.0
256 49.877 2.0 250.0
257 69.789 2.0 250.0
258 65.304 2.0 250.0
259 66.743 2.0 250.0
260 53.595 2.0 250.0
261 66.497 2.0 250.0
262 77.591 2.0 250.0
263 80.783 2.0 250.0
264 61.651 2.0 250.0
265 40.472 2.0 250.0
266 80.823 2.0 250.0
267 75.086 2.0 250.0
268 73.182 2.0 250.0
269 67.911 2.0 250.0
270 81.814 2.0 250.0
271 65.675 2.0 250.0
272 53.569 2.0 250.0
273 75.14 2.0 250.0
274 81.899 2.0 250.0
275 68.971 2.0 250.0
276 35.713 2.0 250.0
277 52.332 2.0 250.0
278 57.352 2.0 250.0
279 52.02 2.0 250.0
280 63.192 2.0 250.0
281 68.822 2.0 250.0
282 70.372 2.0 250.0
283 59.179 2.0 250.0
284 77.553 2.0 250.0
285 54.203 2.0 250.0
286 69.258 2.0 250.0
287 67.999 2.0 250.0
288 80.496 2.0 250.0
289 57.793 2.0 250.0
290 66.461 2.0 250.0
291 55.658 2.0 250.0
292 77.971 2.0 250.0
293 77.325 2.0 250.0
294 55.566 2.0 250.0
295 49.94 2.0 250.0
296 76.653 2.0 250.0
297 41.648 2.0 250.0
298 82.682 2.0 250.0
299 56.389 2.0 250.0
300 83.194 2.0 250.0
301 82.682 2.0 250.0
302 81.899 2.0 250.0
303 82.183 2.0 250.0
304 80.823 2.0 250.0
305 80.783 2.0 250.0
306 80.496 2.0 250.0
307 78.846 2.0 250.0
308 78.659 2.0 250.0
309 78.034 2.0 250.0
310 77.651 2.0 250.0
311 77.591 2.0 250.0
312 77.553 2.0 250.0
313 77.325 2.0 250.0
314 76.653 2.0 250.0
315 75.14 2.0 250.0
316 75.086 2.0 250.0
317 74.992 2.0 250.0
318 74.256 2.0 250.0
319 74.016 2.0 250.0
320 79.799 2.0 250.0
321 73.265 2.0 250.0
322 73.182 2.0 250.0
323 71.992 2.0 250.0
324 71.529 2.0 250.0
325 70.372 2.0 250.0
326 69.801 2.0 250.0
327 69.789 2.0 250.0
328 69.581 2 250
329 69.518 2 250
330 69.258 2.0 250.0
331 68.971 2.0 250.0
332 68.84 2 250
333 72.082 2.0 250.0
334 68.51 2 250
335 67.999 2.0 250.0
336 67.911 2.0 250.0
337 67.098 2.0 250.0
338 69.54 2.0 250.0
339 69.668 2.0 250.0
340 66.669 2.0 250.0
341 74.046 2.0 250.0
342 65.304 2.0 250.0
343 63.259 2.0 250.0
344 63.192 2.0 250.0
345 62.791 2.0 250.0
346 61.651 2.0 250.0
347 61.123 2.0 250.0
348 69.55 2.0 250.0
349 59.144 2.0 250.0
350 71.52 2.0 250.0
351 59.676 2.0 250.0
352 80.041 2.0 250.0
353 75.546 2.0 250.0
354 69.551 2.0 250.0
355 81.425 2.0 250.0
356 70.297 2.0 250.0
357 68.909 2.0 250.0
358 74.297 2.0 250.0
359 72.178 2.0 250.0
360 77.697 2.0 250.0
361 75.808 2.0 250.0
362 66.41 2.0 250.0
363 62.619 2.0 250.0
364 74.795 2.0 250.0
365 76.106 2.0 250.0
366 74.961 2.0 250.0
367 74.0 2.0 250.0
368 48.517 2.0 250.0
369 67.704 2.0 250.0
370 81.339 2.0 250.0
371 50.902 2.0 250.0
372 72.364 2.0 250.0
373 84.929 2.0 250.0
374 72.718 2.0 250.0
375 69.824 2.0 250.0
376 76.856 2.0 250.0
377 73.133 2.0 250.0
378 65.325 2.0 250.0
379 72.15 2.0 250.0
380 66.229 2.0 250.0
381 70.699 2.0 250.0
382 81.042 2.0 250.0
383 70.394 2.0 250.0
384 68.674 2.0 250.0
385 72.22 2.0 250.0
386 64.74 2.0 250.0
387 79.023 2.0 250.0
388 68.754 2.0 250.0
389 76.115 2.0 250.0
390 71.0 2.0 250.0
391 78.335 2.0 250.0
392 77.295 2.0 250.0
393 76.687 2.0 250.0
394 73.286 2.0 250.0
395 82.13 2.0 250.0
396 80.791 2.0 250.0
397 66.868 2.0 250.0
398 74.472 2.0 250.0
399 77.973 2.0 250.0
400 84.929 2.0 250.0
401 83.194 2.0 250.0
402 87.273 2.0 250.0
403 82.183 2.0 250.0
404 82.13 2.0 250.0
405 81.899 2.0 250.0
406 81.425 2.0 250.0
407 82.652 2.0 250.0
408 86.124 2.0 250.0
409 80.823 2.0 250.0
410 80.791 2.0 250.0
411 80.783 2.0 250.0
412 80.496 2.0 250.0
413 80.141 2.0 250.0
414 88.598 2.0 250.0
415 80.287 2.0 250.0
416 78.846 2.0 250.0
417 78.659 2.0 250.0
418 78.335 2.0 250.0
419 78.034 2.0 250.0
420 77.973 2.0 250.0
421 77.697 2.0 250.0
422 77.651 2.0 250.0
423 77.591 2.0 250.0
424 77.553 2.0 250.0
425 77.325 2.0 250.0
426 80.809 2.0 250.0
427 78.591 2.0 250.0
428 76.687 2.0 250.0
429 76.656 2.0 250.0
430 76.115 2.0 250.0
431 76.106 2.0 250.0
432 75.808 2.0 250.0
433 75.546 2.0 250.0
434 75.14 2.0 250.0
435 75.086 2.0 250.0
436 74.992 2.0 250.0
437 74.961 2.0 250.0
438 74.795 2.0 250.0
439 74.472 2.0 250.0
440 74.297 2.0 250.0
441 74.256 2.0 250.0
442 74.046 2.0 250.0
443 74.016 2.0 250.0
444 74.0 2.0 250.0
445 73.286 2.0 250.0
446 73.265 2.0 250.0
447 73.182 2.0 250.0
448 73.133 2.0 250.0
449 72.718 2.0 250.0
450 75.38 2.0 250.0
451 78.167 2.0 250.0
452 74.407 2.0 250.0
453 82.86 2.0 250.0
454 79.738 2.0 250.0
455 84.972 2.0 250.0
456 79.021 2.0 250.0
457 89.869 2.0 250.0
458 72.965 2.0 250.0
459 80.061 2.0 250.0
460 81.352 2.0 250.0
461 76.817 2.0 250.0
462 75.937 2.0 250.0
463 74.348 2.0 250.0
464 78.444 2.0 250.0
465 74.165 2.0 250.0
466 70.303 2.0 250.0
467 83.405 2.0 250.0
468 74.528 2.0 250.0
469 76.307 2.0 250.0
470 79.661 2.0 250.0
471 70.406 2.0 250.0
472 83.571 2.0 250.0
473 72.938 2.0 250.0
474 74.151 2.0 250.0
475 77.166 2.0 250.0
476 81.857 2.0 250.0
477 88.482 2.0 250.0
478 75.813 2.0 250.0
479 78.945 2.0 250.0
480 74.683 2.0 250.0
481 70.763 2.0 250.0
482 78.542 2.0 250.0
483 82.921 2.0 250.0
484 77.432 2.0 250.0
485 76.757 2.0 250.0
486 71.305 2.0 250.0
487 74.701 2.0 250.0
488 73.135 2.0 250.0
489 79.342 2.0 250.0
490 86.532 2.0 250.0
491 82.86 2.0 250.0
492 74.515 2.0 250.0
493 72.511 2.0 250.0
494 77.743 2.0 250.0
495 81.529 2.0 250.0
496 83.328 2.0 250.0
497 67.63 2.0 250.0
498 77.204 2.0 250.0
499 77.681 2.0 250.0
500 89.869 2.0 250.0
501 88.598 2.0 250.0
502 88.482 2.0 250.0
503 87.273 2.0 250.0
504 86.532 2.0 250.0
505 86.124 2.0 250.0
506 84.972 2.0 250.0
507 84.929 2.0 250.0
508 83.571 2.0 250.0
509 83.405 2.0 250.0
510 83.328 2.0 250.0
511 83.194 2.0 250.0
512 85.362 2.0 250.0
513 82.86 2.0 250.0
514 83.493 2.0 250.0
515 84.264 2.0 250.0
516 82.183 2.0 250.0
517 82.13 2.0 250.0
518 81.899 2.0 250.0
519 81.857 2.0 250.0
520 81.529 2.0 250.0
521 81.425 2.0 250.0
522 81.352 2.0 250.0
523 80.823 2.0 250.0
524 80.809 2.0 250.0
525 80.791 2.0 250.0
526 80.783 2.0 250.0
527 80.496 2.0 250.0
528 83.806 2.0 250.0
529 83.625 2.0 250.0
530 80.061 2.0 250.0
531 79.738 2.0 250.0
532 79.661 2.0 250.0
533 79.342 2.0 250.0
534 80.589 2.0 250.0
535 79.441 2.0 250.0
536 78.846 2.0 250.0
537 78.659 2.0 250.0
538 78.591 2.0 250.0
539 78.542 2.0 250.0
540 78.444 2.0 250.0
541 78.335 2.0 250.0
542 81.478 2.0 250.0
543 78.034 2.0 250.0
544 77.973 2.0 250.0
545 77.743 2.0 250.0
546 77.697 2.0 250.0
547 80.308 2.0 250.0
548 77.651 2.0 250.0
549 77.591 2.0 250.0
550 83.529 2.0 250.0
551 89.925 2.0 250.0
552 75.41 2.0 250.0
553 73.37 2.0 250.0
554 74.12 2.0 250.0
555 84.859 2.0 250.0
556 66.612 2.0 250.0
557 83.786 2.0 250.0
558 72.64 2.0 250.0
559 67.054 2.0 250.0
560 76.588 2.0 250.0
561 83.523 2.0 250.0
562 79.728 2.0 250.0
563 79.127 2.0 250.0
564 84.056 2.0 250.0
565 90.741 2.0 250.0
566 75.685 2.0 250.0
567 79.566 2.0 250.0
568 85.578 2.0 250.0
569 84.14 2.0 250.0
570 78.105 2.0 250.0
571 77.949 2.0 250.0
572 80.208 2.0 250.0
573 80.329 2.0 250.0
574 82.259 2.0 250.0
575 74.77 2.0 250.0
576 82.625 2.0 250.0
577 85.327 2.0 250.0
578 73.848 2.0 250.0
579 79.003 2.0 250.0
580 89.739 2.0 250.0
581 89.183 2.0 250.0
582 83.395 2.0 250.0
583 84.271 2.0 250.0
584 74.284 2.0 250.0
585 86.849 2.0 250.0
586 70.665 2.0 250.0
587 78.563 2.0 250.0
588 76.054 2.0 250.0
589 75.846 2.0 250.0
590 81.608 2.0 250.0
591 75.985 2.0 250.0
592 79.806 2.0 250.0
593 77.743 2.0 250.0
594 93.193 2.0 250.0
595 77.918 2.0 250.0
596 89.958 2.0 250.0
597 83.154 2.0 250.0
598 74.84 2.0 250.0
599 83.023 2.0 250.0
600 93.193 2.0 250.0
601 90.741 2.0 250.0
602 89.958 2.0 250.0
603 89.925 2.0 250.0
604 89.869 2.0 250.0
605 89.739 2.0 250.0
606 89.183 2.0 250.0
607 89.236 2.0 250.0
608 88.482 2.0 250.0
609 91.74 2.0 250.0
610 86.849 2.0 250.0
611 86.532 2.0 250.0
612 86.124 2.0 250.0
613 85.578 2.0 250.0
614 85.362 2.0 250.0
615 87.63 2.0 250.0
616 84.972 2.0 250.0
617 84.929 2.0 250.0
618 87.325 2.0 250.0
619 85.701 2.0 250.0
620 84.264 2.0 250.0
621 84.14 2.0 250.0
622 84.056 2.0 250.0
623 84.116 2.0 250.0
624 83.801 2.0 250.0
625 89.697 2.0 250.0
626 83.571 2.0 250.0
627 83.529 2.0 250.0
628 83.523 2.0 250.0
629 83.493 2.0 250.0
630 83.405 2.0 250.0
631 83.395 2.0 250.0
632 83.328 2.0 250.0
633 83.194 2.0 250.0
634 83.154 2.0 250.0
635 83.023 2.0 250.0
636 82.86 2.0 250.0
637 83.951 2.0 250.0
638 82.259 2.0 250.0
639 82.183 2.0 250.0
640 82.13 2.0 250.0
641 81.899 2.0 250.0
642 82.396 2.0 250.0
643 81.608 2.0 250.0
644 81.529 2.0 250.0
645 81.478 2.0 250.0
646 81.425 2.0 250.0
647 81.352 2.0 250.0
648 80.823 2.0 250.0
649 80.809 2.0 250.0
650 86.051 2.0 250.0
651 80.216 2.0 250.0
652 83.977 2.0 250.0
653 75.426 2.0 250.0
654 83.355 2.0 250.0
655 94.023 2.0 250.0
656 84.783 2.0 250.0
657 83.143 2.0 250.0
658 86.657 2.0 250.0
659 86.042 2.0 250.0
660 84.671 2.0 250.0
661 72.07 2.0 250.0
662 86.479 2.0 250.0
663 76.958 2.0 250.0
664 86.778 2.0 250.0
665 80.447 2.0 250.0
666 85.462 2.0 250.0
667 93.143 2.0 250.0
668 73.202 2.0 250.0
669 91.776 2.0 250.0
670 89.183 2.0 250.0
671 90.66 2.0 250.0
672 78.335 2.0 250.0
673 80.29 2.0 250.0
674 83.698 2.0 250.0
675 65.086 2.0 250.0
676 88.251 2.0 250.0
677 86.169 2.0 250.0
678 84.227 2.0 250.0
679 91.169 2.0 250.0
680 89.937 2.0 250.0
681 75.319 2.0 250.0
682 87.618 2.0 250.0
683 92.616 2.0 250.0
684 86.416 2.0 250.0
685 72.07 2.0 250.0
686 91.922 2.0 250.0
687 80.481 2.0 250.0
688 77.684 2.0 250.0
689 80.177 2.0 250.0
690 87.693 2.0 250.0
691 77.735 2.0 250.0
692 81.038 2.0 250.0
693 62.799 2.0 250.0
694 78.07 2.0 250.0
695 82.066 2.0 250.0
696 83.254 2.0 250.0
697 81.714 2.0 250.0
698 85.065 2.0 250.0
699 81.18 2.0 250.0
700 94.023 2.0 250.0
701 93.193 2.0 250.0
702 93.143 2.0 250.0
703 92.616 2.0 250.0
704 91.922 2.0 250.0
705 91.776 2.0 250.0
706 91.74 2.0 250.0
707 91.169 2.0 250.0
708 90.741 2.0 250.0
709 90.66 2.0 250.0
710 89.958 2.0 250.0
711 89.937 2.0 250.0
712 89.925 2.0 250.0
713 89.869 2.0 250.0
714 89.739 2.0 250.0
715 89.697 2.0 250.0
716 89.236 2.0 250.0
717 89.183 2.0 250.0
718 89.183 2.0 250.0
719 88.482 2.0 250.0
720 88.251 2.0 250.0
721 87.693 2.0 250.0
722 87.63 2.0 250.0
723 87.618 2.0 250.0
724 87.325 2.0 250.0
725 86.849 2.0 250.0
726 86.778 2.0 250.0
727 86.657 2.0 250.0
728 86.532 2.0 250.0
729 86.479 2.0 250.0
730 86.416 2.0 250.0
731 86.169 2.0 250.0
732 86.124 2.0 250.0
733 86.051 2.0 250.0
734 86.042 2.0 250.0
735 85.701 2.0 250.0
736 85.578 2.0 250.0
737 85.462 2.0 250.0
738 85.362 2.0 250.0
739 85.065 2.0 250.0
740 84.972 2.0 250.0
741 84.929 2.0 250.0
742 84.783 2.0 250.0
743 84.671 2.0 250.0
744 84.264 2.0 250.0
745 84.227 2.0 250.0
746 84.14 2.0 250.0
747 84.116 2.0 250.0
748 84.056 2.0 250.0
749 83.977 2.0 250.0
750 87.692 2.0 250.0
751 82.455 2.0 250.0
752 86.424 2.0 250.0
753 83.152 2.0 250.0
754 80.899 2.0 250.0
755 89.712 2.0 250.0
756 88.798 2.0 250.0
757 79.235 2.0 250.0
758 81.693 2.0 250.0
759 82.617 2.0 250.0
760 86.731 2.0 250.0
761 91.068 2.0 250.0
762 85.615 2.0 250.0
763 85.522 2.0 250.0
764 88.821 2.0 250.0
765 89.334 2.0 250.0
766 80.443 2.0 250.0
767 86.435 2.0 250.0
768 86.562 2.0 250.0
769 81.42 2.0 250.0
770 84.636 2.0 250.0
771 91.773 2.0 250.0
772 81.217 2.0 250.0
773 77.857 2.0 250.0
774 85.03 2.0 250.0
775 78.341 2.0 250.0
776 67.464 2.0 250.0
777 86.998 2.0 250.0
778 85.173 2.0 250.0
779 83.895 2.0 250.0
780 86.74 2.0 250.0
781 87.758 2.0 250.0
782 78.238 2.0 250.0
783 90.268 2.0 250.0
784 82.707 2.0 250.0
785 89.904 2.0 250.0
786 86.806 2.0 250.0
787 84.902 2.0 250.0
788 92.629 2.0 250.0
789 84.808 2.0 250.0
790 87.704 2.0 250.0
791 85.464 2.0 250.0
792 84.883 2.0 250.0
793 85.437 2.0 250.0
794 88.746 2.0 250.0
795 79.696 2.0 250.0
796 85.207 2.0 250.0
797 85.005 2.0 250.0
798 85.954 2.0 250.0
799 84.58 2.0 250.0
800 94.023 2.0 250.0
801 93.193 2.0 250.0
802 93.143 2.0 250.0
803 92.629 2.0 250.0
804 92.616 2.0 250.0
805 91.922 2.0 250.0
806 91.776 2.0 250.0
807 91.773 2.0 250.0
808 91.74 2.0 250.0
809 91.169 2.0 250.0
810 91.068 2.0 250.0
811 90.741 2.0 250.0
812 90.66 2.0 250.0
813 90.268 2.0 250.0
814 89.958 2.0 250.0
815 89.937 2.0 250.0
816 89.925 2.0 250.0
817 89.904 2.0 250.0
818 89.869 2.0 250.0
819 89.739 2.0 250.0
820 89.712 2.0 250.0
821 89.697 2.0 250.0
822 89.334 2.0 250.0
823 89.236 2.0 250.0
824 89.183 2.0 250.0
825 89.183 2.0 250.0
826 88.821 2.0 250.0
827 88.798 2.0 250.0
828 88.746 2.0 250.0
829 88.482 2.0 250.0
830 88.251 2.0 250.0
831 87.758 2.0 250.0
832 87.704 2.0 250.0
833 87.693 2.0 250.0
834 87.692 2.0 250.0
835 87.63 2.0 250.0
836 87.618 2.0 250.0
837 87.325 2.0 250.0
838 86.998 2.0 250.0
839 86.849 2.0 250.0
840 86.806 2.0 250.0
841 86.778 2.0 250.0
842 86.74 2.0 250.0
843 86.731 2.0 250.0
844 86.657 2.0 250.0
845 86.562 2.0 250.0
846 86.532 2.0 250.0
847 86.479 2.0 250.0
848 86.435 2.0 250.0
849 86.424 2.0 250.0
850 84.591 2.0 250.0
851 88.393 2.0 250.0
852 89.724 2.0 250.0
853 83.551 2.0 250.0
854 87.892 2.0 250.0
855 88.288 2.0 250.0
856 88.817 2.0 250.0
857 86.171 2.0 250.0
858 92.317 2.0 250.0
859 91.873 2.0 250.0
860 88.305 2.0 250.0
861 60.254 2.0 250.0
862 84.449 2.0 250.0
863 91.178 2.0 250.0
864 86.242 2.0 250.0
865 92.622 2.0 250.0
866 90.0 2.0 250.0
867 91.827 2.0 250.0
868 87.903 2.0 250.0
869 89.868 2.0 250.0
870 91.254 2.0 250.0
871 83.279 2.0 250.0
872 86.78 2.0 250.0
873 87.613 2.0 250.0
874 86.315 2.0 250.0
875 91.868 2.0 250.0
876 88.648 2.0 250.0
877 93.013 2.0 250.0
878 90.02 2.0 250.0
879 82.977 2.0 250.0
880 86.326 2.0 250.0
881 89.51 2.0 250.0
882 97.974 2.0 250.0
883 84.42 2.0 250.0
884 89.574 2.0 250.0
885 87.799 2.0 250.0
886 84.765 2.0 250.0
887 89.848 2.0 250.0
888 92.148 2.0 250.0
889 90.231 2.0 250.0
890 85.801 2.0 250.0
891 86.348 2.0 250.0
892 85.978 2.0 250.0
893 88.54 2.0 250.0
894 89.934 2.0 250.0
895 79.597 2.0 250.0
896 89.648 2.0 250.0
897 89.75 2.0 250.0
898 94.133 2.0 250.0
899 95.289 2.0 250.0
900 97.974 2.0 250.0
901 95.289 2.0 250.0
902 94.133 2.0 250.0
903 94.023 2.0 250.0
904 93.193 2.0 250.0
905 93.143 2.0 250.0
906 93.013 2.0 250.0
907 92.629 2.0 250.0
908 92.622 2.0 250.0
909 92.616 2.0 250.0
910 92.317 2.0 250.0
911 92.148 2.0 250.0
912 91.922 2.0 250.0
913 91.873 2.0 250.0
914 91.868 2.0 250.0
915 91.827 2.0 250.0
916 91.776 2.0 250.0
917 91.773 2.0 250.0
918 91.74 2.0 250.0
919 91.254 2.0 250.0
920 91.178 2.0 250.0
921 91.169 2.0 250.0
922 91.068 2.0 250.0
923 90.741 2.0 250.0
924 90.66 2.0 250.0
925 90.268 2.0 250.0
926 90.231 2.0 250.0
927 90.02 2.0 250.0
928 90.0 2.0 250.0
929 89.958 2.0 250.0
930 89.937 2.0 250.0
931 89.934 2.0 250.0
932 89.925 2.0 250.0
933 89.904 2.0 250.0
934 89.869 2.0 250.0
935 89.868 2.0 250.0
936 89.848 2.0 250.0
937 89.75 2.0 250.0
938 89.739 2.0 250.0
939 89.724 2.0 250.0
940 89.712 2.0 250.0
941 89.697 2.0 250.0
942 89.648 2.0 250.0
943 89.574 2.0 250.0
944 89.51 2.0 250.0
945 89.334 2.0 250.0
946 89.236 2.0 250.0
947 89.183 2.0 250.0
948 89.183 2.0 250.0
949 88.821 2.0 250.0
950 80.383 2.0 250.0
951 88.973 2.0 250.0
952 87.138 2.0 250.0
953 90.49 2.0 250.0
954 91.872 2.0 250.0
955 91.127 2.0 250.0
956 78.142 2.0 250.0
957 94.899 2.0 250.0
958 91.663 2.0 250.0
959 93.116 2.0 250.0
960 89.461 2.0 250.0
961 89.079 2.0 250.0
962 88.626 2.0 250.0
963 79.191 2.0 250.0
964 86.587 2.0 250.0
965 91.382 2.0 250.0
966 92.482 2.0 250.0
967 95.289 2.0 250.0
968 93.817 2.0 250.0
969 94.348 2.0 250.0
970 90.294 2.0 250.0
971 93.376 2.0 250.0
972 91.127 2.0 250.0
973 92.209 2.0 250.0
974 92.937 2.0 250.0
975 82.382 2.0 250.0
976 91.521 2.0 250.0
977 92.278 2.0 250.0
978 90.997 2.0 250.0
979 93.292 2.0 250.0
980 94.0 2.0 250.0
981 84.614 2.0 250.0
982 93.116 2.0 250.0
983 93.242 2.0 250.0
984 91.746 2.0 250.0
985 90.783 2.0 250.0
986 90.774 2.0 250.0
987 92.682 2.0 250.0
988 91.526 2.0 250.0
989 92.908 2.0 250.0
990 98.825 2.0 250.0
991 91.237 2.0 250.0
992 88.512 2.0 250.0
993 91.127 2.0 250.0
994 92.346 2.0 250.0
995 91.562 2.0 250.0
996 90.048 2.0 250.0
997 94.163 2.0 250.0
998 96.628 2.0 250.0
999 89.649 2.0 250.0
1000 98.825 2.0 250.0
1001 97.974 2.0 250.0
1002 96.628 2.0 250.0
1003 95.289 2.0 250.0
1004 95.289 2.0 250.0
1005 94.899 2.0 250.0
1006 94.348 2.0 250.0
1007 94.163 2.0 250.0
1008 94.133 2.0 250.0
1009 94.023 2.0 250.0
1010 94.0 2.0 250.0
1011 93.817 2.0 250.0
1012 93.376 2.0 250.0
1013 93.292 2.0 250.0
1014 93.242 2.0 250.0
1015 93.193 2.0 250.0
1016 93.143 2.0 250.0
1017 93.116 2.0 250.0
1018 93.116 2.0 250.0
1019 93.013 2.0 250.0
1020 92.937 2.0 250.0
1021 92.908 2.0 250.0
1022 92.682 2.0 250.0
1023 92.629 2.0 250.0
1024 92.622 2.0 250.0
1025 92.616 2.0 250.0
1026 92.482 2.0 250.0
1027 92.346 2.0 250.0
1028 92.317 2.0 250.0
1029 92.278 2.0 250.0
1030 92.209 2.0 250.0
1031 92.148 2.0 250.0
1032 91.922 2.0 250.0
1033 91.873 2.0 250.0
1034 91.872 2.0 250.0
1035 91.868 2.0 250.0
1036 91.827 2.0 250.0
1037 91.776 2.0 250.0
1038 91.773 2.0 250.0
1039 91.746 2.0 250.0
1040 91.74 2.0 250.0
1041 91.663 2.0 250.0
1042 91.562 2.0 250.0
1043 91.526 2.0 250.0
1044 91.521 2.0 250.0
1045 91.382 2.0 250.0
1046 91.254 2.0 250.0
1047 91.237 2.0 250.0
1048 91.178 2.0 250.0
1049 91.169 2.0 250.0
1050 91.127 2.0 250.0
1051 91.127 2.0 250.0
1052 91.127 2.0 250.0
1053 91.068 2.0 250.0
1054 90.997 2.0 250.0
1055 90.783 2.0 250.0
1056 90.774 2.0 250.0
1057 90.741 2.0 250.0
1058 90.66 2.0 250.0
1059 90.49 2.0 250.0
1060 90.294 2.0 250.0
1061 90.268 2.0 250.0
1062 90.231 2.0 250.0
1063 90.048 2.0 250.0
1064 90.02 2.0 250.0
1065 90.0 2.0 250.0
1066 89.958 2.0 250.0
1067 89.937 2.0 250.0
1068 89.934 2.0 250.0
1069 89.925 2.0 250.0
1070 89.904 2.0 250.0
1071 89.869 2.0 250.0
1072 89.868 2.0 250.0
1073 89.848 2.0 250.0
1074 89.75 2.0 250.0
1075 89.739 2.0 250.0
1076 89.724 2.0 250.0
1077 89.712 2.0 250.0
1078 89.697 2.0 250.0
1079 89.649 2.0 250.0
1080 89.648 2.0 250.0
1081 89.574 2.0 250.0
1082 89.51 2.0 250.0
1083 89.461 2.0 250.0
1084 89.334 2.0 250.0
1085 89.236 2.0 250.0
1086 89.183 2.0 250.0
1087 89.183 2.0 250.0
1088 89.079 2.0 250.0
1089 88.973 2.0 250.0
1090 88.821 2.0 250.0
1091 88.626 2.0 250.0
1092 88.512 2.0 250.0
1093 87.138 2.0 250.0
1094 86.587 2.0 250.0
1095 84.614 2.0 250.0
1096 82.382 2.0 250.0
1097 80.383 2.0 250.0
1098 79.191 2.0 250.0
1099 78.142 2.0 250.0
