airfoil_37_0012
1.0 0.0
0.9848868109087459 0.0058008618973731845
0.9698505345533667 0.011415245031697198
0.9548915663851267 0.016845373718020428
0.9400103080185115 0.02209354205232293
0.9252071673930039 0.027162109070805223
0.9104825589408702 0.032053493842859763
0.8958369037612439 0.036770170518468
0.8812706298008143 0.041314663350226544
0.8667841720414476 0.04568954170955039
0.852377972695084 0.04989741511584721
0.8380524814062786 0.05394092829660281
0.8238081554627781 0.05782275629538893
0.8096454600145419 0.06154559964380226
0.7955648683016565 0.0651121796122821
0.7815668618916044 0.0685252335536491
0.767651930926394 0.0717875103520605
0.7538205743800791 0.07490176598891096
0.7400733003272381 0.07787075923602119
0.7264106262230219 0.08069724748526698
0.712833079195415 0.08338398272261476
0.6993411963504079 0.08593370765335259
0.6859355250908198 0.08834915198415125
0.6726166234495703 0.0906330288664579
0.6593850604382495 0.0927880315046278
0.6462414164119045 0.09481682993113742
0.6331862834510237 0.096722067950202
0.6202202657617758 0.09850636025014677
0.6073439800956417 0.1001722896839517
0.594558056189662 0.10172088145739068
0.5818631372286244 0.10315258136687043
0.5692598803306149 0.10447348149121012
0.5567489570574725 0.10568601173781308
0.5443310539518175 0.10679255872578831
0.5320068731024554 0.10779546395319443
0.5197771327401178 0.10869702210748658
0.5076425678656601 0.10949947951294793
0.4956039309130315 0.1102050327083393
0.4836619924495292 0.11081582714748686
0.47181754191607456 0.1113339560150437
0.4600713884105068 0.11176145914919802
0.4484243615171565 0.11210032206265746
0.4368773121862799 0.1123524750528031
0.4254311136672716 0.11251979239147357
0.41408666249996107 0.11260409158439953
0.4028448795687254 0.11260713268985037
0.3917067112246285 0.11253061768556873
0.3806731304813424 0.11237411836785212
0.36974513829120154 0.1121374858132075
0.3589237649084351 0.11182605803027526
0.3482100713473836 0.11144128728472458
0.3376051509443837 0.11098456376694804
0.32711013103299513 0.11045721494098223
0.31672617474336806 0.1098605048443484
0.30645448293783734 0.10919563332052282
0.29629629629629634 0.10846373516409256
0.2862528975665921 0.10766587915669841
0.2763256139971217 0.10680306696954818
0.26651581997104606 0.10587623190552764
0.2568249398641327 0.10488623745064869
0.24725445115124314 0.10383387560064428
0.23780588778999487 0.10271986492380719
0.22848084391422852 0.10153956389056246
0.2192809778747372 0.10029785569062047
0.21020801667040115 0.09899609580576894
0.2012637608196102 0.09763466321762719
0.1924500897298753 0.09621384758421234
0.18376896763311878 0.09473384464396117
0.1752224501656569 0.09319475088149957
0.16681269168581223 0.09159655733006367
0.15854195343901464 0.0899391423612275
0.1504126127009363 0.08822226328265002
0.1424271730546619 0.08644554652740534
0.13458827598943432 0.08460847617214068
0.12689871404788033 0.08271038046324553
0.11936144579814084 0.08075041595704777
0.11197961297015549 0.078727548787333
0.10475656017578483 0.0766405324553261
0.09769585773645055 0.07448788138585262
0.09080132827787774 0.07226783929828298
0.08407707793119629 0.0699783411881467
0.07752753322022198 0.06761525265758876
0.07115748504132687 0.06517786140293334
0.06497214159251473 0.06266359039113731
0.05897719273950932 0.06006891913154476
0.05317888920840895 0.057388408017408354
0.0475841413101678 0.054614245875943615
0.04220064386804796 0.05174203637954244
0.03703703703703704 0.04876433106625506
0.032103117483016586 0.04567227043955984
0.02741012223434215 0.042455271022803526
0.022971120954139848 0.03910064729987341
0.01880157658761704 0.03559318384847741
0.014920180724767605 0.03191473556149618
0.011350166034734717 0.028044121734485693
0.008121517699064341 0.023848035424414465
0.005275080483505995 0.019318515379481257
0.002871390119267481 0.01442013697968357
0.0010151897123830426 0.008483252203140347
0.0 0.0
0.0 0.0
0.0010151897123830426 -0.0032538029907031264
0.002871390119267481 -0.00468320474448502
0.005275080483505995 -0.0054881670391893666
0.008121517699064341 -0.005895749227481579
0.011350166034734717 -0.006050187981075818
0.014920180724767605 -0.005974864416992003
0.01880157658761704 -0.005753292363723172
0.022971120954139848 -0.005405386885933477
0.02741012223434215 -0.004951869321855824
0.032103117483016586 -0.004420511462914698
0.03703703703703704 -0.0038251316679098627
0.04220064386804796 -0.0031776809116815705
0.0475841413101678 -0.002488359002828994
0.05317888920840895 -0.0017666765597058997
0.05897719273950932 -0.0010208191848534282
0.06497214159251473 -0.00025718269839088636
0.07115748504132687 0.0005186233506570418
0.07752753322022198 0.001301671236069824
0.08407707793119629 0.0020876254270030124
0.09080132827787774 0.002872665672191661
0.09769585773645055 0.0036534209184031605
0.10475656017578483 0.004426912437818125
0.11197961297015549 0.005190504778425134
0.11936144579814084 0.005941863365350852
0.12689871404788033 0.006678917765976407
0.13458827598943432 0.007399829788765649
0.1424271730546619 0.00810296571779896
0.1504126127009363 0.00878408262202324
0.15854195343901464 0.009443529714271913
0.16681269168581223 0.010080802369629221
0.1752224501656569 0.010694907615054726
0.18376896763311878 0.011284965942105764
0.1924500897298753 0.011850198079886241
0.2012637608196102 0.012389913391830496
0.21020801667040115 0.012903499688322558
0.2192809778747372 0.013390414277745387
0.22848084391422852 0.013844204974268188
0.23780588778999487 0.014269638232428024
0.24725445115124314 0.014666902259279071
0.2568249398641327 0.015035717277493726
0.26651581997104606 0.01537584219353668
0.2763256139971217 0.015687070470710628
0.2862528975665921 0.01596759280642945
0.29629629629629634 0.016212901417812217
0.30645448293783734 0.01642886906473259
0.31672617474336806 0.016615452212576143
0.32711013103299513 0.016772628042589215
0.3376051509443837 0.016900393006773637
0.3482100713473836 0.016997246447207716
0.3589237649084351 0.017058530865098655
0.36974513829120154 0.017090722057172648
0.3806731304813424 0.01709393889253833
0.3917067112246285 0.01706831624292252
0.4028448795687254 0.017014005350636366
0.41408666249996107 0.01692805374620614
0.4254311136672716 0.016809884613650537
0.4368773121862799 0.016664016689162554
0.4484243615171565 0.01649072521089943
0.4600713884105068 0.01629030698993483
0.47181754191607456 0.01606308249107696
0.4836619924495292 0.015805357388380393
0.4956039309130315 0.015519999242506646
0.5076425678656601 0.015209571405897836
0.5197771327401178 0.014874559994519245
0.5320068731024554 0.014515489559795324
0.5443310539518175 0.01413292750534837
0.5567489570574725 0.013724704204278093
0.5692598803306149 0.013293340323509577
0.5818631372286244 0.012841227852906258
0.594558056189662 0.012369193924166964
0.6073439800956417 0.011878137916921001
0.6202202657617758 0.011369039951019304
0.6331862834510237 0.010842970411733481
0.6462414164119045 0.010299446963698618
0.6593850604382495 0.00974196568127509
0.6726166234495703 0.009172140596196596
0.6859355250908198 0.008591529288732741
0.6993411963504079 0.008001842898444028
0.712833079195415 0.00740496498217384
0.7264106262230219 0.006802972956959475
0.7400733003272381 0.006198162553637546
0.7538205743800791 0.005593075789432062
0.767651930926394 0.004990916450985803
0.7815668618916044 0.004395082431141624
0.7955648683016565 0.0038087097488222845
0.8096454600145419 0.003235584291163484
0.8238081554627781 0.0026799298787775244
0.8380524814062786 0.002146470170124191
0.852377972695084 0.0016405010240299622
0.8667841720414476 0.0011679754496031374
0.8812706298008143 0.0007356037830495907
0.8958369037612439 0.00035097238293591395
0.9104825589408702 2.2684974444791813e-05
0.9252071673930039 -0.00023565974301152892
0.9400103080185115 -0.0004112354439008741
0.9548915663851267 -0.0004926548087851166
0.9698505345533667 -0.00046406022402899303
0.9848868109087459 -0.00030702024937572984
1.0 0.0
