airfoil_21_0014
1.0 0.0
0.9848868109087459 0.005626862737647069
0.9698505345533667 0.011079161833916823
0.9548915663851267 0.016358230459531824
0.9400103080185115 0.0214654915862388
0.9252071673930039 0.026402454036776785
0.9104825589408702 0.03117070841080049
0.8958369037612439 0.03577192290699795
0.8812706298008143 0.04020783906134018
0.8667841720414476 0.04448026742097222
0.852377972695084 0.04859108317272676
0.8380524814062786 0.052542221744605544
0.8238081554627781 0.05633567439785493
0.8096454600145419 0.05997348382646359
0.7955648683016565 0.06345773978004371
0.7815668618916044 0.06679057472513664
0.767651930926394 0.06997415955901504
0.7538205743800791 0.07301069938905283
0.7400733003272381 0.07590242938970344
0.7264106262230219 0.0786516107480844
0.712833079195415 0.0812605267081138
0.6993411963504079 0.08373147872209297
0.6859355250908198 0.08606678271758762
0.6726166234495703 0.08826876548643284
0.6593850604382495 0.09033976120168162
0.6462414164119045 0.09228210806733755
0.6331862834510237 0.09409814510476598
0.6202202657617758 0.09579020907876581
0.6073439800956417 0.09736063156541165
0.594558056189662 0.09881173616294452
0.5818631372286244 0.10014583584620088
0.5692598803306149 0.10136523046432615
0.5567489570574725 0.10247220438081925
0.5443310539518175 0.10346902425430127
0.5320068731024554 0.10435793695779093
0.5197771327401178 0.10514116763370336
0.5076425678656601 0.10581546597710571
0.4956039309130315 0.10638823771003042
0.4836619924495292 0.10686183220203423
0.47181754191607456 0.10723837403399458
0.4600713884105068 0.10751995769776132
0.4484243615171565 0.10770864632231776
0.4368773121862799 0.10780647050388208
0.4254311136672716 0.10781542723368527
0.41408666249996107 0.10773747891681024
0.4028448795687254 0.1075745524751271
0.3917067112246285 0.10732853852700716
0.3806731304813424 0.10700129063613138
0.36974513829120154 0.10659462462132088
0.3589237649084351 0.10611031791889573
0.3482100713473836 0.10555010898860083
0.3376051509443837 0.10491569675361034
0.32711013103299513 0.10420230802542932
0.31672617474336806 0.10341784218151884
0.30645448293783734 0.1025640463944742
0.29629629629629634 0.10164244922924942
0.2862528975665921 0.10065453585923237
0.2763256139971217 0.09960174742098164
0.26651581997104606 0.09848548030991727
0.2568249398641327 0.09730708539787415
0.24725445115124314 0.0960678671510581
0.23780588778999487 0.09476908262409135
0.22848084391422852 0.09341194030238661
0.2192809778747372 0.09199759876091089
0.21020801667040115 0.09052716510231712
0.2012637608196102 0.08899936550223281
0.1924500897298753 0.08741343607239413
0.18376896763311878 0.08577441391518778
0.1752224501656569 0.0840831670751718
0.16681269168581223 0.08234049902556695
0.15854195343901464 0.08054714477065127
0.1504126127009363 0.07870376625525176
0.1424271730546619 0.0768109469481573
0.13458827598943432 0.074869185437533
0.12689871404788033 0.07287888784033524
0.11936144579814084 0.07084035878220767
0.11197961297015549 0.06875379064662189
0.10475656017578483 0.06661925071847348
0.09769585773645055 0.06443666575314647
0.09080132827787774 0.0622058033808607
0.08407707793119629 0.05992624959954532
0.07752753322022198 0.05759738140658521
0.07115748504132687 0.055218333356484586
0.06497214159251473 0.05278795649025375
0.05897719273950932 0.050304767642763114
0.05317888920840895 0.047766886576283765
0.0475841413101678 0.0451719577016483
0.04220064386804796 0.042517052358169445
0.03703703703703704 0.0397985468561164
0.032103117483016586 0.037011971134826606
0.02741012223434215 0.03415182404087154
0.022971120954139848 0.031211356778616653
0.01880157658761704 0.028182343801619655
0.014920180724767605 0.0250549118702812
0.011350166034734717 0.021815092755098367
0.008121517699064341 0.018361016508223773
0.005275080483505995 0.014720695748960495
0.002871390119267481 0.010845704561571731
0.0010151897123830426 0.006301645540454669
0.0 0.0
0.0 0.0
0.0010151897123830426 -0.0022092846041419276
0.002871390119267481 -0.003070209788965456
0.005275080483505995 -0.003446767970562946
0.008121517699064341 -0.003531552269415539
0.011350166034734717 -0.0034064228663634112
0.014920180724767605 -0.0031116070211939383
0.01880157658761704 -0.0026905332058985137
0.022971120954139848 -0.002171088602341044
0.02741012223434215 -0.0015663714047160372
0.032103117483016586 -0.0008949040626646174
0.03703703703703704 -0.00017019199124667777
0.04220064386804796 0.0005982573352036659
0.0475841413101678 0.0014021954113812092
0.05317888920840895 0.0022344470220214394
0.05897719273950932 0.0030887526407134647
0.06497214159251473 0.003959252616690562
0.07115748504132687 0.004841186406938759
0.07752753322022198 0.005730788320274559
0.08407707793119629 0.006624446438763167
0.09080132827787774 0.007518949226055536
0.09769585773645055 0.008411434170434537
0.10475656017578483 0.009299343670966761
0.11197961297015549 0.01017992797853605
0.11936144579814084 0.01105024394388758
0.12689871404788033 0.011909282717055159
0.13458827598943432 0.012755374856668224
0.1424271730546619 0.013587017100748552
0.1504126127009363 0.014402852267333075
0.15854195343901464 0.015201651728603842
0.16681269168581223 0.01598230009034286
0.1752224501656569 0.01674378176781816
0.18376896763311878 0.017485169197956296
0.1924500897298753 0.018205612467896176
0.2012637608196102 0.018902473250237313
0.21020801667040115 0.019572865784815104
0.2192809778747372 0.020219779412368404
0.22848084391422852 0.020842628870947438
0.23780588778999487 0.021440870340660702
0.24725445115124314 0.022013996337699397
0.2568249398641327 0.022561531195298665
0.26651581997104606 0.023080976220602654
0.2763256139971217 0.02356851681663168
0.2862528975665921 0.024029002748163324
0.29629629629629634 0.024462086475491703
0.30645448293783734 0.02486743565654174
0.31672617474336806 0.025244730976510255
0.32711013103299513 0.02559277495852659
0.3376051509443837 0.025904841417508574
0.3482100713473836 0.02618791659374541
0.3589237649084351 0.026441750876511676
0.36974513829120154 0.026666099478297754
0.3806731304813424 0.026860721552476104
0.3917067112246285 0.02702308189873437
0.4028448795687254 0.02714922236844178
0.41408666249996107 0.027245034450603476
0.4254311136672716 0.027310318114151695
0.4368773121862799 0.027344874095261443
0.4484243615171565 0.027348503826328655
0.4600713884105068 0.0273170379148674
0.47181754191607456 0.027250372493397106
0.4836619924495292 0.02715242296244328
0.4956039309130315 0.027023022156790796
0.5076425678656601 0.026862004059165213
0.5197771327401178 0.026669204402931496
0.5320068731024554 0.02644075977387893
0.5443310539518175 0.02617704294729555
0.5567489570574725 0.02588141218516011
0.5692598803306149 0.025553741447822485
0.5818631372286244 0.025193910488650745
0.594558056189662 0.024801806285261328
0.6073439800956417 0.024377324653437327
0.6202202657617758 0.02391518295289206
0.6331862834510237 0.023420601453835375
0.6462414164119045 0.022893842884726526
0.6593850604382495 0.02233487451663023
0.6726166234495703 0.021743682817226998
0.6859355250908198 0.021120276658126772
0.6993411963504079 0.020464690942295825
0.712833079195415 0.019776990717317193
0.7264106262230219 0.019055984900502157
0.7400733003272381 0.01830186578858092
0.7538205743800791 0.01751652945097879
0.767651930926394 0.016700212918613084
0.7815668618916044 0.015853210714500982
0.7955648683016565 0.01497588353543891
0.8096454600145419 0.014068668289787074
0.8238081554627781 0.013132089749489855
0.8380524814062786 0.012166774132314564
0.852377972695084 0.011173465003113434
0.8667841720414476 0.010153041975146876
0.8812706298008143 0.009106542810073769
0.8958369037612439 0.008035189666101538
0.9104825589408702 0.006940420438827797
0.9252071673930039 0.005823926393340081
0.9400103080185115 0.004686906132035859
0.9548915663851267 0.0035323813478699657
0.9698505345533667 0.002363892135934259
0.9848868109087459 0.0011850116317411738
1.0 0.0
