airfoil_21_0009
1.0 0.0
0.9848868109087459 0.005615060038659346
0.9698505345533667 0.011053758263602522
0.9548915663851267 0.016317508705184423
0.9400103080185115 0.021407832486110303
0.9252071673930039 0.02632635241552819
0.9104825589408702 0.031074787434433503
0.8958369037612439 0.035654946943382185
0.8812706298008143 0.0400687250427502
0.8667841720414476 0.04431809471482233
0.852377972695084 0.048405101975871126
0.8380524814062786 0.05233186002511107
0.8238081554627781 0.05610054341600819
0.8096454600145419 0.05971338227391507
0.7955648683016565 0.06317265658239933
0.7815668618916044 0.06648069055897028
0.767651930926394 0.06963984713919308
0.7538205743800791 0.07265252258644038
0.7400733003272381 0.07552114124277698
0.7264106262230219 0.0782481504347266
0.712833079195415 0.08083601554594208
0.6993411963504079 0.08328721526710446
0.6859355250908198 0.08560423703172719
0.6726166234495703 0.08778957264494648
0.6593850604382495 0.08984571411084726
0.6462414164119045 0.09177514966241318
0.6331862834510237 0.09358035999680656
0.6202202657617758 0.09526381471738084
0.6073439800956417 0.09682655306017464
0.594558056189662 0.09827071467383677
0.5818631372286244 0.09960024880251409
0.5692598803306149 0.10081755672253484
0.5567489570574725 0.1019250138509594
0.5443310539518175 0.10292496729973258
0.5320068731024554 0.10381973361895802
0.5197771327401178 0.1046115967234081
0.5076425678656601 0.10530280599576208
0.4956039309130315 0.10589557455951062
0.4836619924495292 0.10639207771397645
0.47181754191607456 0.10679445152346821
0.4600713884105068 0.10710479155220486
0.4484243615171565 0.10732515173631203
0.4368773121862799 0.10745754338389399
0.4254311136672716 0.10750393429391596
0.41408666249996107 0.10746624798438573
0.4028448795687254 0.10734636302008843
0.3917067112246285 0.10714611242989813
0.3806731304813424 0.10686728320345186
0.36974513829120154 0.10651155388024677
0.3589237649084351 0.10607435491748798
0.3482100713473836 0.10556359786701662
0.3376051509443837 0.1049808769530918
0.32711013103299513 0.1043277371569281
0.31672617474336806 0.10360567387816097
0.30645448293783734 0.10281613258852673
0.29629629629629634 0.10196050846245817
0.2862528975665921 0.10104014596810887
0.2763256139971217 0.10005633840087637
0.26651581997104606 0.09901032733974188
0.2568249398641327 0.09790330200461358
0.24725445115124314 0.0967363984902679
0.23780588778999487 0.09551036339860984
0.22848084391422852 0.09421956022749725
0.2192809778747372 0.09287186165609901
0.21020801667040115 0.09146816052222108
0.2012637608196102 0.09000928782791616
0.1924500897298753 0.08849601041050494
0.18376896763311878 0.08692902817624686
0.1752224501656569 0.08530897081646116
0.16681269168581223 0.08363639391005039
0.15854195343901464 0.08191177429661045
0.1504126127009363 0.08013550457952856
0.1424271730546619 0.07830788658721857
0.13458827598943432 0.07642912358099757
0.12689871404788033 0.07449764850039471
0.11936144579814084 0.07250966477511034
0.11197961297015549 0.07047038741289047
0.10475656017578483 0.06837951811631669
0.09769585773645055 0.06623659846841654
0.09080132827787774 0.06404098895015076
0.08407707793119629 0.06179184356997175
0.07752753322022198 0.059488079045348925
0.07115748504132687 0.057128337181002506
0.06497214159251473 0.054710938704801516
0.05897719273950932 0.05223382632548754
0.05317888920840895 0.04969449414093043
0.0475841413101678 0.04708989973372316
0.04220064386804796 0.04441635435808322
0.03703703703703704 0.04166938566323444
0.032103117483016586 0.03884356679750387
0.02741012223434215 0.03593230658361911
0.022971120954139848 0.032927600699691806
0.01880157658761704 0.02981976144064346
0.014920180724767605 0.02659147932753556
0.011350166034734717 0.023176381347678607
0.008121517699064341 0.019581684131485682
0.005275080483505995 0.01577378314055289
0.002871390119267481 0.01162624512930992
0.0010151897123830426 0.006815016532823378
0.0 0.0
0.0 0.0
0.0010151897123830426 -0.002693406879902678
0.002871390119267481 -0.003828974992986453
0.005275080483505995 -0.004432447838252736
0.008121517699064341 -0.004677677619224539
0.011350166034734717 -0.004702522982727916
0.014920180724767605 -0.004535382605430899
0.01880157658761704 -0.0042386488702269385
0.022971120954139848 -0.003825402021079937
0.02741012223434215 -0.0033244714718786536
0.032103117483016586 -0.0027540181712784515
0.03703703703703704 -0.002126186919331909
0.04220064386804796 -0.0014511216868200699
0.0475841413101678 -0.0007385824822302451
0.05317888920840895 2.9090022015803305e-06
0.05897719273950932 0.0007669478201179194
0.06497214159251473 0.0015479258253902307
0.07115748504132687 0.0023409230347261564
0.07752753322022198 0.0031416146508812183
0.08407707793119629 0.003946191558205718
0.09080132827787774 0.004751292295344681
0.09769585773645055 0.005553944759414123
0.10475656017578483 0.006351516147332995
0.11197961297015549 0.007141669870252249
0.11936144579814084 0.007922328378417057
0.12689871404788033 0.00869164100560345
0.13458827598943432 0.009447956086804514
0.1424271730546619 0.010189796723503413
0.1504126127009363 0.01091583967121406
0.15854195343901464 0.011624439656883798
0.16681269168581223 0.012311478340308645
0.1752224501656569 0.012979037818311017
0.18376896763311878 0.013626278212705274
0.1924500897298753 0.014252443323263293
0.2012637608196102 0.014856850550313435
0.21020801667040115 0.015438882040008687
0.2192809778747372 0.015997976895703366
0.22848084391422852 0.016533624321568467
0.23780588778999487 0.017039348251741252
0.24725445115124314 0.017520115166712272
0.2568249398641327 0.017975922656353636
0.26651581997104606 0.018406448459776834
0.2763256139971217 0.018811396229148687
0.2862528975665921 0.019190492294714954
0.29629629629629634 0.019539949045204747
0.30645448293783734 0.019859091618027076
0.31672617474336806 0.020151614849797647
0.32711013103299513 0.020417352257059537
0.3376051509443837 0.020656148499254255
0.3482100713473836 0.020867858093322932
0.3589237649084351 0.02104766177154608
0.36974513829120154 0.021197052394357194
0.3806731304813424 0.02131908143547052
0.3917067112246285 0.02141367279005461
0.4028448795687254 0.021480756158425148
0.41408666249996107 0.021520266980384017
0.4254311136672716 0.021524987788853072
0.4368773121862799 0.021501855600768664
0.4484243615171565 0.021451260941129025
0.4600713884105068 0.021373199568646147
0.47181754191607456 0.021267674364151595
0.4836619924495292 0.021132724271078797
0.4956039309130315 0.02096561126109217
0.5076425678656601 0.020771467018323563
0.5197771327401178 0.02055036529574413
0.5320068731024554 0.020302392834828733
0.5443310539518175 0.020027651350921116
0.5567489570574725 0.01972418604568493
0.5692598803306149 0.019390904639796248
0.5818631372286244 0.019031750852812078
0.594558056189662 0.018646936079631648
0.6073439800956417 0.018236699805296495
0.6202202657617758 0.01780131353320187
0.6331862834510237 0.017341085195662204
0.6462414164119045 0.01685358015711714
0.6593850604382495 0.016341469278868398
0.6726166234495703 0.01580625534782375
0.6859355250908198 0.015248458415424687
0.6993411963504079 0.014668664141179087
0.712833079195415 0.014067532586536145
0.7264106262230219 0.013445808222786666
0.7400733003272381 0.012804331355916363
0.7538205743800791 0.01214405121137644
0.767651930926394 0.01146546421796288
0.7815668618916044 0.010770271781921009
0.7955648683016565 0.010060321772579917
0.8096454600145419 0.009337127240328298
0.8238081554627781 0.00860240013345594
0.8380524814062786 0.007858080558203773
0.852377972695084 0.007106371062384981
0.8667841720414476 0.006349776985858726
0.8812706298008143 0.005591154176265987
0.8958369037612439 0.00483376569594764
0.9104825589408702 0.00408134956941784
0.9252071673930039 0.0033387855142548114
0.9400103080185115 0.0026123243328042218
0.9548915663851267 0.0019074030182148916
0.9698505345533667 0.0012311911613621346
0.9848868109087459 0.0005920912256642773
1.0 0.0
