airfoil_47_0014
1.0 0.0
0.9848868109087459 0.005796538174600937
0.9698505345533667 0.011370242438580369
0.9548915663851267 0.01672646886676796
0.9400103080185115 0.021870466809520768
0.9252071673930039 0.02680737908295128
0.9104825589408702 0.03154224230727416
0.8958369037612439 0.03607998738320513
0.8812706298008143 0.040425440096675515
0.8667841720414476 0.0445833218424601
0.852377972695084 0.04855825045766032
0.8380524814062786 0.052354741156326046
0.8238081554627781 0.05597720755684683
0.8096454600145419 0.05942996279408747
0.7955648683016565 0.0627172207085858
0.7815668618916044 0.06584309710547083
0.767651930926394 0.06881161107609333
0.7538205743800791 0.07162668637569206
0.7400733003272381 0.07429215285073994
0.7264106262230219 0.07681174790993135
0.712833079195415 0.07918911803307752
0.6993411963504079 0.08142782031247653
0.6859355250908198 0.0835297707269226
0.6726166234495703 0.08549655900273027
0.6593850604382495 0.08733464202846024
0.6462414164119045 0.08904725618129557
0.6331862834510237 0.09063755517431661
0.6202202657617758 0.09210861169802052
0.6073439800956417 0.09346341906440472
0.594558056189662 0.09470489284996562
0.5818631372286244 0.09583587253416175
0.5692598803306149 0.09685912313007386
0.5567489570574725 0.09777733680416609
0.5443310539518175 0.09859313448220627
0.5320068731024554 0.09930906743854451
0.5197771327401178 0.09992761886607322
0.5076425678656601 0.10045120542430055
0.4956039309130315 0.10088217876305901
0.4836619924495292 0.101222827019444
0.47181754191607456 0.10147436660564511
0.4600713884105068 0.10163345619144125
0.4484243615171565 0.10170877631976927
0.4368773121862799 0.10170237675762603
0.4254311136672716 0.10161624957815686
0.41408666249996107 0.10145233044372215
0.4028448795687254 0.1012124998427269
0.3917067112246285 0.10089858427718995
0.3806731304813424 0.10051235739781292
0.36974513829120154 0.10005554108304007
0.3589237649084351 0.09952980645826964
0.3482100713473836 0.09893677485097606
0.3376051509443837 0.09827675072375112
0.32711013103299513 0.09754613205039474
0.31672617474336806 0.09675287564933271
0.30645448293783734 0.0958984020275423
0.29629629629629634 0.09498408440160651
0.2862528975665921 0.09401124912289424
0.2763256139971217 0.09298117598471904
0.26651581997104606 0.09189509839920426
0.2568249398641327 0.09075420342960176
0.24725445115124314 0.0895596316614448
0.23780588778999487 0.08831247689308239
0.22848084391422852 0.08701378562273647
0.2192809778747372 0.08565809330927165
0.21020801667040115 0.08425225014117961
0.2012637608196102 0.08279776397641503
0.1924500897298753 0.08129546757831795
0.18376896763311878 0.07974613934222488
0.1752224501656569 0.0781505009126709
0.16681269168581223 0.07650921429420114
0.15854195343901464 0.07482287837109343
0.1504126127009363 0.07309202473354139
0.1424271730546619 0.07131711268581278
0.13458827598943432 0.06949852328440705
0.12689871404788033 0.06763655221976518
0.11936144579814084 0.06573140131163627
0.11197961297015549 0.06378316833315215
0.10475656017578483 0.06178796345119369
0.09769585773645055 0.05974927069621624
0.09080132827787774 0.05766739404488805
0.08407707793119629 0.05554194424349755
0.07752753322022198 0.05337236068996201
0.07115748504132687 0.05115788706256933
0.06497214159251473 0.04889754226271139
0.05897719273950932 0.04659008581227647
0.05317888920840895 0.04423397679598664
0.0475841413101678 0.04182732552179003
0.04220064386804796 0.039367837466806006
0.03703703703703704 0.0368527501607683
0.032103117483016586 0.034268818366703375
0.02741012223434215 0.03161384134872278
0.022971120954139848 0.028884090593772224
0.01880157658761704 0.026071686614238417
0.014920180724767605 0.02316717925192589
0.011350166034734717 0.0201596441400849
0.008121517699064341 0.01699643997571671
0.005275080483505995 0.013610397613370876
0.002871390119267481 0.010023669497593646
0.0010151897123830426 0.005820526011570383
0.0 0.0
0.0 0.0
0.0010151897123830426 -0.0023746739391386136
0.002871390119267481 -0.003390519478416034
0.005275080483505995 -0.003911184284988826
0.008121517699064341 -0.004139307525488251
0.011350166034734717 -0.00413151822587085
0.014920180724767605 -0.003969916396433883
0.01880157658761704 -0.00366493760796532
0.022971120954139848 -0.0032607358134515044
0.02741012223434215 -0.0027748544347614137
0.032103117483016586 -0.0022209177334171918
0.03703703703703704 -0.0016101778065360293
0.04220064386804796 -0.0009565732253193232
0.0475841413101678 -0.00026857335952719825
0.05317888920840895 0.00044640490606480664
0.05897719273950932 0.0011818505427708826
0.06497214159251473 0.0019320335896743832
0.07115748504132687 0.0026918993290089774
0.07752753322022198 0.003456978561109254
0.08407707793119629 0.0042233114024342
0.09080132827787774 0.004987382393177892
0.09769585773645055 0.005746065055990436
0.10475656017578483 0.00649657436324861
0.11197961297015549 0.007236425839205693
0.11936144579814084 0.00796340024701754
0.12689871404788033 0.008675512994476137
0.13458827598943432 0.009370987542499659
0.1424271730546619 0.010048232222915574
0.1504126127009363 0.010705819971966318
0.15854195343901464 0.011342470567566848
0.16681269168581223 0.011957035025172926
0.1752224501656569 0.012548481862028046
0.18376896763311878 0.013115884984835255
0.1924500897298753 0.013656981595978236
0.2012637608196102 0.014169124887418462
0.21020801667040115 0.01465466714403125
0.2192809778747372 0.015113049338438886
0.22848084391422852 0.015543776384875634
0.23780588778999487 0.015946411134252284
0.24725445115124314 0.016320569079623794
0.2568249398641327 0.016665913696222476
0.26651581997104606 0.016981338367987316
0.2763256139971217 0.017261947868468318
0.2862528975665921 0.01751291465412741
0.29629629629629634 0.01773410483378928
0.30645448293783734 0.017925416608613087
0.31672617474336806 0.018086778303230022
0.32711013103299513 0.018218146737448787
0.3376051509443837 0.01831817876655177
0.3482100713473836 0.018382976226387206
0.3589237649084351 0.01841796585648499
0.36974513829120154 0.018423254287206987
0.3806731304813424 0.0183989725312283
0.3917067112246285 0.018345276057082933
0.4028448795687254 0.018262345115865976
0.41408666249996107 0.018146217983921402
0.4254311136672716 0.017999606827934285
0.4368773121862799 0.01782482828300311
0.4484243615171565 0.01762221261660783
0.4600713884105068 0.017392119767788036
0.47181754191607456 0.017134941259121197
0.4836619924495292 0.016850208215896268
0.4956039309130315 0.016535375481434834
0.5076425678656601 0.016195357904332932
0.5197771327401178 0.015830735538590268
0.5320068731024554 0.01544213345819483
0.5443310539518175 0.015030225740717431
0.5567489570574725 0.014595739905887325
0.5692598803306149 0.014138478185991551
0.5818631372286244 0.013658411621660368
0.594558056189662 0.013158953665912895
0.6073439800956417 0.012641125113303668
0.6202202657617758 0.012106028806692662
0.6331862834510237 0.011554857764644516
0.6462414164119045 0.010988904217369361
0.6593850604382495 0.010409569664660227
0.6726166234495703 0.009818165062627782
0.6859355250908198 0.009216350835164784
0.6993411963504079 0.008606740497615851
0.712833079195415 0.007991288897573228
0.7264106262230219 0.007372124449445553
0.7400733003272381 0.006751567921715292
0.7538205743800791 0.006132153565234468
0.767651930926394 0.005516652928448022
0.7815668618916044 0.0049081017656308215
0.7955648683016565 0.0043098305164073316
0.8096454600145419 0.003725498921709263
0.8238081554627781 0.0031591354463288567
0.8380524814062786 0.002615182305644962
0.852377972695084 0.0020985470493878554
0.8667841720414476 0.001614661845415224
0.8812706298008143 0.0011695518402936333
0.8958369037612439 0.0007699142624871447
0.9104825589408702 0.00042321029301043117
0.9252071673930039 0.00013777217690074013
0.9400103080185115 -7.707138773553074e-05
0.9548915663851267 -0.0002108478343686472
0.9698505345533667 -0.0002517666322443688
0.9848868109087459 -0.0001865126969513664
1.0 0.0
