airfoil_47_0015
1.0 0.0
0.9848868109087459 0.0058770503171963135
0.9698505345533667 0.011548712319041725
0.9548915663851267 0.01701839161254788
0.9400103080185115 0.022289513381399593
0.9252071673930039 0.02736551702563086
0.9104825589408702 0.032249851017034405
0.8958369037612439 0.03694596797513311
0.8812706298008143 0.041457319967281664
0.8667841720414476 0.04578735403527372
0.852377972695084 0.04993950794971105
0.8380524814062786 0.05391720619234079
0.8238081554627781 0.05772385616559437
0.8096454600145419 0.06136284462766209
0.7955648683016565 0.06483753435060952
0.7815668618916044 0.06815126099829215
0.767651930926394 0.07130733022014088
0.7538205743800791 0.0743090149562826
0.7400733003272381 0.07715955294891547
0.7264106262230219 0.07986214445438072
0.712833079195415 0.08241995014995898
0.6993411963504079 0.08483608922906014
0.6859355250908198 0.08711363767817858
0.6726166234495703 0.0892556267287362
0.6593850604382495 0.09126504147673911
0.6462414164119045 0.09314481966301982
0.6331862834510237 0.09489785060672776
0.6202202657617758 0.09652697428465866
0.6073439800956417 0.09803489811855841
0.594558056189662 0.09941979016615429
0.5818631372286244 0.10068882487580634
0.5692598803306149 0.10184465155014504
0.5567489570574725 0.10288986670069053
0.5443310539518175 0.10382701379724572
0.5320068731024554 0.10465858311382384
0.5197771327401178 0.10538701166379152
0.5076425678656601 0.10601468321700577
0.4956039309130315 0.10654392839182346
0.4836619924495292 0.10697702481496354
0.47181754191607456 0.10731619734230037
0.4600713884105068 0.10756361833375803
0.4484243615171565 0.10772140797555728
0.4368773121862799 0.10779163464313267
0.4254311136672716 0.10777631529808565
0.41408666249996107 0.10767741591256362
0.4028448795687254 0.10749637048808464
0.3917067112246285 0.10722872177881074
0.3806731304813424 0.10688308401812745
0.36974513829120154 0.10646122159569928
0.3589237649084351 0.10596484886337049
0.3482100713473836 0.10539563053776287
0.3376051509443837 0.1047551820770143
0.32711013103299513 0.10404507002279607
0.31672617474336806 0.10326681229812
0.30645448293783734 0.1024218784506739
0.29629629629629634 0.10151168983047716
0.2862528975665921 0.10053761968949473
0.2763256139971217 0.09950099318944577
0.26651581997104606 0.09839585048954175
0.2568249398641327 0.09723011668559366
0.24725445115124314 0.09600549136988404
0.23780588778999487 0.09472308924921198
0.22848084391422852 0.09338397339837783
0.2192809778747372 0.09198915424337585
0.21020801667040115 0.09053958827740134
0.2012637608196102 0.08903617646655364
0.1924500897298753 0.08747976229416876
0.18376896763311878 0.08587112938294877
0.1752224501656569 0.08421099862200318
0.16681269168581223 0.08249920797542741
0.15854195343901464 0.08073062622192508
0.1504126127009363 0.07891226956689373
0.1424271730546619 0.0770445544773288
0.13458827598943432 0.07512781042156912
0.12689871404788033 0.07316227202252072
0.11936144579814084 0.07114806970113087
0.11197961297015549 0.06908521849772022
0.10475656017578483 0.06697360468215954
0.09769585773645055 0.06481296966575156
0.09080132827787774 0.0626028906014106
0.08407707793119629 0.0603427568955629
0.07752753322022198 0.058031741643633186
0.07115748504132687 0.055668766726220224
0.06497214159251473 0.05325245994654198
0.05897719273950932 0.050781102129643436
0.05317888920840895 0.04825256151811847
0.0475841413101678 0.045664212074775314
0.04220064386804796 0.043012831461653654
0.03703703703703704 0.04029447362969676
0.032103117483016586 0.037504310514913874
0.02741012223434215 0.03463643838321819
0.022971120954139848 0.03168364981506098
0.01880157658761704 0.028637190033210132
0.014920180724767605 0.02548656812210998
0.011350166034734717 0.02220443136576654
0.008121517699064341 0.018711705788943777
0.005275080483505995 0.015023189693190985
0.002871390119267481 0.01107723425462724
0.0010151897123830426 0.00645025763487459
0.0 0.0
0.0 0.0
0.0010151897123830426 -0.0038054681817234048
0.002871390119267481 -0.005532145108610928
0.005275080483505995 -0.006550328921049604
0.008121517699064341 -0.00712478749549392
0.011350166034734717 -0.007368679070321105
0.014920180724767605 -0.007402551140635744
0.01880157658761704 -0.0072384376382504155
0.022971120954139848 -0.0069426425897857694
0.02741012223434215 -0.006535930145651926
0.032103117483016586 -0.0060311693031214935
0.03703703703703704 -0.005455282740067525
0.04220064386804796 -0.004820594879996791
0.0475841413101678 -0.004137846188009004
0.05317888920840895 -0.003416396544832578
0.05897719273950932 -0.0026645647701643497
0.06497214159251473 -0.0018900437351635465
0.07115748504132687 -0.0010987798498790075
0.07752753322022198 -0.00029596207897271426
0.08407707793119629 0.0005138361754560487
0.09080132827787774 0.0013265792922614018
0.09769585773645055 0.0021387020122217706
0.10475656017578483 0.0029470509881389566
0.11197961297015549 0.0037488340666239363
0.11936144579814084 0.004541576222572885
0.12689871404788033 0.005323081215522763
0.13458827598943432 0.006091398169874191
0.1424271730546619 0.006844792397119285
0.1504126127009363 0.007581719878342466
0.15854195343901464 0.008298491554638406
0.16681269168581223 0.008994889592176624
0.1752224501656569 0.009670641799614053
0.18376896763311878 0.01032479940839332
0.1924500897298753 0.010956519917464243
0.2012637608196102 0.011565054655240234
0.21020801667040115 0.01214973783607643
0.2192809778747372 0.012709976923711652
0.22848084391422852 0.013245244140587614
0.23780588778999487 0.013750732007673402
0.24725445115124314 0.014228266506521463
0.2568249398641327 0.014679324442926803
0.26651581997104606 0.015103618436544449
0.2763256139971217 0.015500896305644227
0.2862528975665921 0.015870937031779678
0.29629629629629634 0.01621354724087563
0.30645448293783734 0.01652124041268792
0.31672617474336806 0.016801038102265662
0.32711013103299513 0.01705295994981038
0.3376051509443837 0.017276944882124244
0.3482100713473836 0.017472947390912062
0.3589237649084351 0.01764093623449471
0.36974513829120154 0.0177732329453884
0.3806731304813424 0.01787759589788353
0.3917067112246285 0.017954119675273845
0.4028448795687254 0.018002868432242653
0.41408666249996107 0.018023917225756147
0.4254311136672716 0.01801517639649101
0.4368773121862799 0.017973845533362683
0.4484243615171565 0.017905438829752134
0.4600713884105068 0.017810122139732643
0.47181754191607456 0.017688074537568956
0.4836619924495292 0.01753948960363359
0.4956039309130315 0.01736042586789862
0.5076425678656601 0.0171532809496982
0.5197771327401178 0.01692077678881584
0.5320068731024554 0.016663221224567315
0.5443310539518175 0.01638094600951038
0.5567489570574725 0.016074309729904358
0.5692598803306149 0.015739623922721987
0.5818631372286244 0.015380946477758175
0.594558056189662 0.01499979830003429
0.6073439800956417 0.014596713215922054
0.6202202657617758 0.014172271307473816
0.6331862834510237 0.013727104527821197
0.6462414164119045 0.013260435920788564
0.6593850604382495 0.012773232223558103
0.6726166234495703 0.012268252081452834
0.6859355250908198 0.011746422134027537
0.6993411963504079 0.011208757881384238
0.712833079195415 0.0106563745142862
0.7264106262230219 0.01009049914150457
0.7400733003272381 0.009512484631240247
0.7538205743800791 0.008923440136373096
0.767651930926394 0.008325625888819986
0.7815668618916044 0.007721204553240097
0.7955648683016565 0.0071121785249984755
0.8096454600145419 0.00650076904246534
0.8238081554627781 0.005889445110443978
0.8380524814062786 0.005280956855781051
0.852377972695084 0.004678374134704284
0.8667841720414476 0.004085131389342635
0.8812706298008143 0.0035050799734243163
0.8958369037612439 0.002942549447122032
0.9104825589408702 0.0024024196953801287
0.9252071673930039 0.0018902061754513878
0.9400103080185115 0.0014121611782401118
0.9548915663851267 0.0009753947356911704
0.9698505345533667 0.0005880197793921732
0.9848868109087459 0.00025932743180880665
1.0 0.0
