airfoil_47_0016
1.0 0.0
0.9848868109087459 0.004819819434975241
0.9698505345533667 0.009505889573658294
0.9548915663851267 0.014058506550988878
0.9400103080185115 0.01847806978716449
0.9252071673930039 0.022765080509875576
0.9104825589408702 0.026920139873371638
0.8958369037612439 0.030943946691514235
0.8812706298008143 0.03483729480448947
0.8667841720414476 0.038601070101113494
0.852377972695084 0.04223624722065534
0.8380524814062786 0.04574388595979807
0.8238081554627781 0.04912512741175944
0.8096454600145419 0.05238118986568506
0.7955648683016565 0.05551336449521098
0.7815668618916044 0.05852301086557421
0.767651930926394 0.06141155228882967
0.7538205743800791 0.06418047105663077
0.7400733003272381 0.06683130357965258
0.7264106262230219 0.06936563546210703
0.712833079195415 0.07178509653893428
0.6993411963504079 0.07409135590217611
0.6859355250908198 0.07628611694176969
0.6726166234495703 0.07837111242456836
0.6593850604382495 0.08034809963382397
0.6462414164119045 0.08221885558967797
0.6331862834510237 0.08398517236943209
0.6202202657617758 0.08564885254452645
0.6073439800956417 0.08721170474926604
0.594558056189662 0.08867553939443029
0.5818631372286244 0.09004216453698931
0.5692598803306149 0.09131338191525916
0.5567489570574725 0.09249098315696795
0.5443310539518175 0.09357674616589139
0.5320068731024554 0.09457243169096262
0.5197771327401178 0.09547978008007577
0.5076425678656601 0.09630050821919371
0.4956039309130315 0.09703630665584377
0.4836619924495292 0.09768883690464296
0.47181754191607456 0.09825972893114103
0.4600713884105068 0.09875057880899892
0.4484243615171565 0.09916294654433723
0.4368773121862799 0.0994949654164278
0.4254311136672716 0.09975136392408263
0.41408666249996107 0.09993363417085777
0.4028448795687254 0.1000431683555578
0.3917067112246285 0.10008131310501235
0.3806731304813424 0.10004936802286868
0.36974513829120154 0.09994858433403178
0.3589237649084351 0.09978016361066464
0.3482100713473836 0.09954525656470534
0.3376051509443837 0.09924496189085133
0.32711013103299513 0.09888032514287347
0.31672617474336806 0.0984523376249233
0.30645448293783734 0.09796193527814721
0.29629629629629634 0.09740999754137626
0.2862528975665921 0.09679734616286878
0.2763256139971217 0.0961247439379806
0.26651581997104606 0.09539289334515069
0.2568249398641327 0.09460127957968448
0.24725445115124314 0.09374734615066614
0.23780588778999487 0.09283571203178297
0.22848084391422852 0.09186680014862898
0.2192809778747372 0.09084096171144222
0.21020801667040115 0.08975847336087113
0.2012637608196102 0.08861953388805474
0.1924500897298753 0.08742426045141227
0.18376896763311878 0.08617268419894179
0.1752224501656569 0.08486474518807208
0.16681269168581223 0.08350028647436504
0.15854195343901464 0.08207904721454945
0.1504126127009363 0.08060065459706892
0.1424271730546619 0.07906461437268822
0.13458827598943432 0.07747029970625037
0.12689871404788033 0.07581444313768107
0.11936144579814084 0.07409460444625246
0.11197961297015549 0.07231347293557462
0.10475656017578483 0.07046974124419994
0.09769585773645055 0.0685618828880594
0.09080132827787774 0.0665881233104725
0.08407707793119629 0.06454640506822017
0.07752753322022198 0.0624343457451271
0.07115748504132687 0.060249186789770516
0.06497214159251473 0.05798773095722829
0.05897719273950932 0.055646265359582045
0.05317888920840895 0.0532204662537681
0.0475841413101678 0.05070528057804371
0.04220064386804796 0.048094777876649626
0.03703703703703704 0.04538196470901108
0.032103117483016586 0.04255855228586156
0.02741012223434215 0.039614668028475526
0.022971120954139848 0.03653850617298028
0.01880157658761704 0.03331593023893527
0.014920180724767605 0.029904987768742952
0.011350166034734717 0.026259512618881195
0.008121517699064341 0.022365433434817648
0.005275080483505995 0.018176738471097173
0.002871390119267481 0.013509979226060002
0.0010151897123830426 0.008014895199815958
0.0 0.0
0.0 0.0
0.0010151897123830426 -0.0034482634242082554
0.002871390119267481 -0.004900032147780253
0.005275080483505995 -0.0056753230397347
0.008121517699064341 -0.006020043535214942
0.011350166034734717 -0.006070878588330337
0.014920180724767605 -0.005916540221077494
0.01880157658761704 -0.005596481216064536
0.022971120954139848 -0.005149919258406418
0.02741012223434215 -0.0046090519669375035
0.032103117483016586 -0.00399117535451879
0.03703703703703704 -0.0033106388507809495
0.04220064386804796 -0.002584565876251088
0.0475841413101678 -0.0018232161843487603
0.05317888920840895 -0.0010354322873332921
0.05897719273950932 -0.000228842085574545
0.06497214159251473 0.0005899668400039043
0.07115748504132687 0.0014152984248156563
0.07752753322022198 0.002242221498136708
0.08407707793119629 0.003066462131281694
0.09080132827787774 0.003884312065486481
0.09769585773645055 0.004692550710251859
0.10475656017578483 0.0054883785768174
0.11197961297015549 0.006269360349033069
0.11936144579814084 0.007033376086532726
0.12689871404788033 0.007778579303205288
0.13458827598943432 0.008503360871691195
0.1424271730546619 0.009206317877393342
0.1504126127009363 0.009886226688691125
0.15854195343901464 0.010542019628607433
0.16681269168581223 0.011172764731369095
0.1752224501656569 0.011775993000976129
0.18376896763311878 0.012348090622629601
0.1924500897298753 0.012892548217923292
0.2012637608196102 0.013408880916322582
0.21020801667040115 0.013896672552203794
0.2192809778747372 0.01435556646030326
0.22848084391422852 0.01478525747397249
0.23780588778999487 0.015183713084094453
0.24725445115124314 0.015545996822905613
0.2568249398641327 0.015878256739273018
0.26651581997104606 0.016180397618151206
0.2763256139971217 0.016452348483915198
0.2862528975665921 0.016694059275698846
0.29629629629629634 0.016902740654449955
0.30645448293783734 0.017074940206195665
0.31672617474336806 0.017216964724652183
0.32711013103299513 0.017328887368427658
0.3376051509443837 0.01741079157471452
0.3482100713473836 0.017462770284052877
0.3589237649084351 0.01747727979471149
0.36974513829120154 0.017461114043818376
0.3806731304813424 0.017415729827658284
0.3917067112246285 0.017341315814604977
0.4028448795687254 0.017238069958685265
0.41408666249996107 0.017101275811667406
0.4254311136672716 0.016933170853206708
0.4368773121862799 0.016737451133063873
0.4484243615171565 0.016514420329651638
0.4600713884105068 0.016264398619572528
0.47181754191607456 0.015985326241425898
0.4836619924495292 0.015675771058043762
0.4956039309130315 0.0153410252408931
0.5076425678656601 0.014981554672127313
0.5197771327401178 0.014597857557778121
0.5320068731024554 0.014190469103605816
0.5443310539518175 0.013755466189627738
0.5567489570574725 0.013298262676432691
0.5692598803306149 0.012820124424000897
0.5818631372286244 0.012321834335765168
0.594558056189662 0.011804244112713143
0.6073439800956417 0.01126828343569235
0.6202202657617758 0.010712472147397109
0.6331862834510237 0.010141255010737938
0.6462414164119045 0.00955596389957086
0.6593850604382495 0.008957976635460137
0.6726166234495703 0.008348811727936917
0.6859355250908198 0.0077301471345905355
0.6993411963504079 0.007103841716803388
0.712833079195415 0.006472100842534671
0.7264106262230219 0.005837782433453279
0.7400733003272381 0.005203465036573425
0.7538205743800791 0.0045719636944211725
0.767651930926394 0.003946424351690329
0.7815668618916044 0.0033303719049713586
0.7955648683016565 0.0027277664288579972
0.8096454600145419 0.0021430692632136965
0.8238081554627781 0.0015813210547915514
0.8380524814062786 0.0010482343696608391
0.852377972695084 0.0005503041680460946
0.8667841720414476 9.494031086089387e-05
0.8812706298008143 -0.0003093725827539675
0.8958369037612439 -0.0006528810879363617
0.9104825589408702 -0.0009243258715645722
0.9252071673930039 -0.0011106499421670141
0.9400103080185115 -0.0011966369505837843
0.9548915663851267 -0.0011530599984468958
0.9698505345533667 -0.0009546148776883222
0.9848868109087459 -0.0005812601990871158
1.0 0.0
