airfoil_2_0017
1.0 0.0
0.9848868109087459 0.007389347596649976
0.9698505345533667 0.014383654689265408
0.9548915663851267 0.021012130906124145
0.9400103080185115 0.027300627916456967
0.9252071673930039 0.033272114896296424
0.9104825589408702 0.038946165525134094
0.8958369037612439 0.04432548664560462
0.8812706298008143 0.04944751379494747
0.8667841720414476 0.054326433617868465
0.852377972695084 0.05897509698923257
0.8380524814062786 0.06340517638939536
0.8238081554627781 0.06762730143638072
0.8096454600145419 0.07165117602896613
0.7955648683016565 0.07548567994419503
0.7815668618916044 0.0791389572410807
0.767651930926394 0.08261849342414668
0.7538205743800791 0.08593118299658026
0.7400733003272381 0.0890833887680703
0.7264106262230219 0.0920809940650968
0.712833079195415 0.09492944881228638
0.6993411963504079 0.09762383774910162
0.6859355250908198 0.10017766632721607
0.6726166234495703 0.10259595505714093
0.6593850604382495 0.10488284251382023
0.6462414164119045 0.10704218786398095
0.6331862834510237 0.10907759492311811
0.6202202657617758 0.11099243366731247
0.6073439800956417 0.11278985950448545
0.594558056189662 0.11447283056848463
0.5818631372286244 0.11604412326432594
0.5692598803306149 0.11749375384617189
0.5567489570574725 0.11883349585480324
0.5443310539518175 0.1200688157767824
0.5320068731024554 0.12120188993595196
0.5197771327401178 0.12223476819149788
0.5076425678656601 0.1231693826249589
0.4956039309130315 0.12400755539769012
0.4836619924495292 0.12474665679443997
0.47181754191607456 0.12537972820651985
0.4600713884105068 0.12592120049382363
0.4484243615171565 0.12637250742160752
0.4368773121862799 0.1267350013738447
0.4254311136672716 0.12700995772049892
0.41408666249996107 0.1271985787468423
0.4028448795687254 0.12729510961900023
0.3917067112246285 0.12729667290174845
0.3806731304813424 0.12721508443803875
0.36974513829120154 0.1270512680976924
0.3589237649084351 0.1268060884771366
0.3482100713473836 0.1264803527623316
0.3376051509443837 0.12607481230494125
0.32711013103299513 0.12557862472787842
0.31672617474336806 0.12499801519619971
0.30645448293783734 0.12433951726086732
0.29629629629629634 0.12360365267294275
0.2862528975665921 0.12279089120779368
0.2763256139971217 0.1219016505856786
0.26651581997104606 0.12093629610183067
0.2568249398641327 0.11988451726258434
0.24725445115124314 0.11875130900926414
0.23780588778999487 0.1175427922268502
0.22848084391422852 0.11625910446755752
0.2192809778747372 0.11490032513150072
0.21020801667040115 0.11346647301127334
0.2012637608196102 0.11195750335271473
0.1924500897298753 0.1103733043722252
0.18376896763311878 0.10870524722556486
0.1752224501656569 0.10695603111284285
0.16681269168581223 0.10513103759414891
0.15854195343901464 0.10322986324147918
0.1504126127009363 0.10125201530995603
0.1424271730546619 0.09919690408947841
0.13458827598943432 0.09706383407179496
0.12689871404788033 0.09485199374714064
0.11936144579814084 0.0925604438116989
0.11197961297015549 0.09018810352933303
0.10475656017578483 0.08773373494831728
0.09769585773645055 0.08519592462700741
0.09080132827787774 0.082573062473821
0.08407707793119629 0.07986331726161902
0.07752753322022198 0.0770646083447571
0.07115748504132687 0.07417457310817273
0.06497214159251473 0.071190529748396
0.05897719273950932 0.06810943519420111
0.05317888920840895 0.06492783844619122
0.0475841413101678 0.06164183058728995
0.04220064386804796 0.05824699464175033
0.03703703703703704 0.05473836221569966
0.032103117483016586 0.051110391181247425
0.02741012223434215 0.047356993144033674
0.022971120954139848 0.04347166866787115
0.01880157658761704 0.039383361207487505
0.014920180724767605 0.03512231031419372
0.011350166034734717 0.030682500655461808
0.008121517699064341 0.025951304777836363
0.005275080483505995 0.020903299681426325
0.002871390119267481 0.015361215941639004
0.0010151897123830426 0.009045525591625404
0.0 0.0
0.0 0.0
0.0010151897123830426 -0.004647166351959751
0.002871390119267481 -0.007325209873300642
0.005275080483505995 -0.009498605618270227
0.008121517699064341 -0.011288673865678342
0.011350166034734717 -0.012783478385339674
0.014920180724767605 -0.014042094568024893
0.01880157658761704 -0.015105518843045883
0.022971120954139848 -0.01600344554863786
0.02741012223434215 -0.016758227092875857
0.032103117483016586 -0.01738724874780065
0.03703703703703704 -0.017904409943308327
0.04220064386804796 -0.018321084906286204
0.0475841413101678 -0.018646768047982255
0.05317888920840895 -0.01888952133632428
0.05897719273950932 -0.01905629307009874
0.06497214159251473 -0.019151834651871587
0.07115748504132687 -0.019172214288811357
0.07752753322022198 -0.01913499832529367
0.08407707793119629 -0.019044325403189333
0.09080132827787774 -0.018903957894568932
0.09769585773645055 -0.018717343420779603
0.10475656017578483 -0.01848766422599944
0.11197961297015549 -0.01821092555195237
0.11936144579814084 -0.017897742247475416
0.12689871404788033 -0.01755158344663034
0.13458827598943432 -0.017174752158748998
0.1424271730546619 -0.016769444284127744
0.1504126127009363 -0.016336223270491498
0.15854195343901464 -0.015876758581534395
0.16681269168581223 -0.015396382967827181
0.1752224501656569 -0.014896849185186758
0.18376896763311878 -0.014379867502310609
0.1924500897298753 -0.01384711073104064
0.2012637608196102 -0.013299281581500353
0.21020801667040115 -0.01274008905106209
0.2192809778747372 -0.01217103275631938
0.22848084391422852 -0.011593570521625225
0.23780588778999487 -0.011009148071957487
0.24725445115124314 -0.01041987272682435
0.2568249398641327 -0.00982770332982372
0.26651581997104606 -0.009233655629768332
0.2763256139971217 -0.008639048775207912
0.2862528975665921 -0.008045200729224326
0.29629629629629634 -0.007453428308969268
0.30645448293783734 -0.006867668588144038
0.31672617474336806 -0.0062874681582118
0.32711013103299513 -0.005713756675678214
0.3376051509443837 -0.005147767092554485
0.3482100713473836 -0.004590732600536532
0.3589237649084351 -0.0040438854443055295
0.36974513829120154 -0.0035107759008325876
0.3806731304813424 -0.002991936168853579
0.3917067112246285 -0.0024871485425397317
0.4028448795687254 -0.001997560675386843
0.41408666249996107 -0.0015243129611658007
0.4254311136672716 -0.0010685359016743398
0.4368773121862799 -0.0006313471957840686
0.4484243615171565 -0.00021384851666388771
0.4600713884105068 0.00017947211570204367
0.47181754191607456 0.0005510113401145118
0.4836619924495292 0.0008998296570042876
0.4956039309130315 0.0012249754875565155
0.5076425678656601 0.0015255322147855453
0.5197771327401178 0.0018006238997862526
0.5320068731024554 0.002049421567308402
0.5443310539518175 0.0022711501178610295
0.5567489570574725 0.002465095928719676
0.5692598803306149 0.002630615212063
0.5818631372286244 0.0027671432050717583
0.594558056189662 0.0028742042742597672
0.6073439800956417 0.0029514230246638472
0.6202202657617758 0.002998536513904083
0.6331862834510237 0.0030154076816592983
0.6462414164119045 0.0030020401169279553
0.6593850604382495 0.0029585942987248584
0.6726166234495703 0.0028854054607880594
0.6859355250908198 0.0027830032476556946
0.6993411963504079 0.0026521333483698704
0.712833079195415 0.002493781315363721
0.7264106262230219 0.0023091988001229143
0.7400733003272381 0.002099932464371257
0.7538205743800791 0.0018678558562602381
0.767651930926394 0.0016152045758651876
0.7815668618916044 0.0013437394761330352
0.7955648683016565 0.0010572036804282676
0.8096454600145419 0.0007603271982605129
0.8238081554627781 0.0004574977110232385
0.8380524814062786 0.00015374424413128738
0.852377972695084 -0.00014313959765419748
0.8667841720414476 -0.00042617502647311086
0.8812706298008143 -0.0006876329202539702
0.8958369037612439 -0.0009123790661056137
0.9104825589408702 -0.0010901427111616598
0.9252071673930039 -0.0012071664268833138
0.9400103080185115 -0.0012361380816560228
0.9548915663851267 -0.0011661678341328972
0.9698505345533667 -0.0009551372176080423
0.9848868109087459 -0.0005785847654687788
1.0 0.0
