airfoil_2_0011
1.0 0.0
0.9848868109087459 0.006491798571394933
0.9698505345533667 0.012736996986899014
0.9548915663851267 0.01874264590316687
0.9400103080185115 0.024515485980534303
0.9252071673930039 0.030061966558454275
0.9104825589408702 0.03538826296320647
0.8958369037612439 0.04050029256452639
0.8812706298008143 0.04540372968659911
0.8667841720414476 0.05010401946885642
0.852377972695084 0.05460639076307268
0.8380524814062786 0.05891586814523762
0.8238081554627781 0.06303728311350103
0.8096454600145419 0.06697528453703136
0.7955648683016565 0.0707343484148271
0.7815668618916044 0.07431878699830095
0.767651930926394 0.07773275732674591
0.7538205743800791 0.08098026922054961
0.7400733003272381 0.08406519277318408
0.7264106262230219 0.08699126537952939
0.712833079195415 0.08976209833494912
0.6993411963504079 0.09238118303668753
0.6859355250908198 0.09485189681657634
0.6726166234495703 0.09717750843169289
0.6593850604382495 0.09936118323747903
0.6462414164119045 0.10140598806588942
0.6331862834510237 0.10331489582937033
0.6202202657617758 0.10509078986985879
0.6073439800956417 0.10673646807052027
0.594558056189662 0.10825464674660114
0.5818631372286244 0.10964796433054211
0.5692598803306149 0.11091276975143212
0.5567489570574725 0.11205430957193636
0.5443310539518175 0.11307829082423729
0.5320068731024554 0.11398709350485027
0.5197771327401178 0.11478303414864854
0.5076425678656601 0.11546836858478164
0.4956039309130315 0.11604529455937655
0.4836619924495292 0.11651595423354716
0.47181754191607456 0.11688243656460548
0.4600713884105068 0.11714677957777841
0.4484243615171565 0.11731097253518166
0.4368773121862799 0.11737633415490166
0.4254311136672716 0.11733436616530145
0.41408666249996107 0.11719795627133885
0.4028448795687254 0.11696892649015629
0.3917067112246285 0.11664905852756235
0.3806731304813424 0.11624009543416051
0.36974513829120154 0.11574374318663626
0.3589237649084351 0.11516167219696927
0.3482100713473836 0.11449551875181262
0.3376051509443837 0.11374688638372774
0.32711013103299513 0.11291392815066237
0.31672617474336806 0.11199326380057947
0.30645448293783734 0.11099485527860779
0.29629629629629634 0.10992018778409235
0.2862528975665921 0.10877071858586643
0.2763256139971217 0.10754787794283387
0.26651581997104606 0.10625306994193304
0.2568249398641327 0.10488767324752238
0.24725445115124314 0.10345304175451037
0.23780588778999487 0.10195050513551406
0.22848084391422852 0.10037431276049302
0.2192809778747372 0.09872923102739176
0.21020801667040115 0.09702026358140316
0.2012637608196102 0.09524864318461848
0.1924500897298753 0.09341557845239136
0.18376896763311878 0.09152225344919629
0.1752224501656569 0.08956982702889182
0.16681269168581223 0.08755943187435351
0.15854195343901464 0.0854921731812747
0.1504126127009363 0.08336912691831704
0.1424271730546619 0.08119133758006244
0.13458827598943432 0.07895847144316082
0.12689871404788033 0.07666679073201328
0.11936144579814084 0.07432365808073665
0.11197961297015549 0.07192998484619141
0.10475656017578483 0.06948663541813441
0.09769585773645055 0.06699442092561476
0.09080132827787774 0.0644540915855085
0.08407707793119629 0.06186632743030384
0.07752753322022198 0.05923172711008982
0.07115748504132687 0.056550794425682456
0.06497214159251473 0.05382392222870217
0.05897719273950932 0.05105137334638261
0.05317888920840895 0.04823325830656313
0.0475841413101678 0.045369509956829056
0.04220064386804796 0.042459855802365234
0.03703703703703704 0.03950379046022872
0.032103117483016586 0.03650055393954025
0.02741012223434215 0.033449128427355194
0.022971120954139848 0.030327961668292512
0.01880157658761704 0.02714144943697911
0.014920180724767605 0.023889666818543893
0.011350166034734717 0.020567371755048806
0.008121517699064341 0.017169296217730657
0.005275080483505995 0.013561781215205506
0.002871390119267481 0.009818213613852949
0.0010151897123830426 0.005605501936256576
0.0 0.0
0.0 0.0
0.0010151897123830426 -0.0024923293252798588
0.002871390119267481 -0.0038469015158040716
0.005275080483505995 -0.0047059854229173316
0.008121517699064341 -0.0053244842827983975
0.011350166034734717 -0.005733129318256351
0.014920180724767605 -0.005975333013410623
0.01880157658761704 -0.006096393655984084
0.022971120954139848 -0.006114844398183965
0.02741012223434215 -0.006046117433951894
0.032103117483016586 -0.0059031349980446885
0.03703703703703704 -0.005696809370486613
0.04220064386804796 -0.005436439601211366
0.0475841413101678 -0.0051300204676660915
0.05317888920840895 -0.004784482650844849
0.05897719273950932 -0.004405880431829153
0.06497214159251473 -0.0039995396018865734
0.07115748504132687 -0.00357017513237221
0.07752753322022198 -0.003121985705604169
0.08407707793119629 -0.002658730386891699
0.09080132827787774 -0.0021837913823888042
0.09769585773645055 -0.0017002258511437606
0.10475656017578483 -0.0012108090239964537
0.11197961297015549 -0.0007180703541660498
0.11936144579814084 -0.00022432403218572685
0.12689871404788033 0.00026721962259394696
0.13458827598943432 0.0007542626645266867
0.1424271730546619 0.0012358178209329385
0.1504126127009363 0.001710250283198485
0.15854195343901464 0.0021760450177689245
0.16681269168581223 0.0026317939911205835
0.1752224501656569 0.0030761850763206303
0.18376896763311878 0.003507992394466492
0.1924500897298753 0.003921896328822379
0.2012637608196102 0.004320297295984805
0.21020801667040115 0.00470249744875643
0.2192809778747372 0.005067598837087603
0.22848084391422852 0.005414756673839786
0.23780588778999487 0.005743175077766382
0.24725445115124314 0.006049933079304377
0.2568249398641327 0.006332903713213389
0.26651581997104606 0.006594826855737221
0.2763256139971217 0.0068351288211874
0.2862528975665921 0.007053270394206578
0.29629629629629634 0.0072487454001061375
0.30645448293783734 0.007420105679714166
0.31672617474336806 0.0075627986628196186
0.32711013103299513 0.0076815261584784154
0.3376051509443837 0.007775962348982536
0.3482100713473836 0.007845811285936463
0.3589237649084351 0.007890807410346755
0.36974513829120154 0.007910716370254627
0.3806731304813424 0.007900119423264705
0.3917067112246285 0.00786379966172273
0.4028448795687254 0.007802166792937491
0.41408666249996107 0.007715174960467012
0.4254311136672716 0.007602817149034656
0.4368773121862799 0.007465127993205458
0.4484243615171565 0.0073007161715164595
0.4600713884105068 0.007108211046826871
0.47181754191607456 0.006891189441605533
0.4836619924495292 0.006649928705023401
0.4956039309130315 0.006384766524203939
0.5076425678656601 0.006096106543940527
0.5197771327401178 0.005784424636321648
0.5320068731024554 0.005450275892024373
0.5443310539518175 0.005092434843300152
0.5567489570574725 0.004713172992029176
0.5692598803306149 0.004314206038292087
0.5818631372286244 0.0038965069649633927
0.594558056189662 0.0034611721829129376
0.6073439800956417 0.0030094344572972414
0.6202202657617758 0.002542677368011036
0.6331862834510237 0.0020624515124225795
0.6462414164119045 0.00157049269233703
0.6593850604382495 0.0010687423671854207
0.6726166234495703 0.000559370703032546
0.6859355250908198 4.480260375206851e-05
0.6993411963504079 -0.00047225282136026896
0.712833079195415 -0.0009887688176728577
0.7264106262230219 -0.0015013541190406414
0.7400733003272381 -0.002006253639936395
0.7538205743800791 -0.002499210613773023
0.767651930926394 -0.002975497792079991
0.7815668618916044 -0.003429807722577694
0.7955648683016565 -0.0038561857603442566
0.8096454600145419 -0.004247942182989115
0.8238081554627781 -0.004597549925626036
0.8380524814062786 -0.0048965251147808685
0.852377972695084 -0.00513528692921303
0.8667841720414476 -0.005302992490397105
0.8812706298008143 -0.005387341432809688
0.8958369037612439 -0.005360812355246733
0.9104825589408702 -0.005211484711617856
0.9252071673930039 -0.004923139122857861
0.9400103080185115 -0.00446607479669762
0.9548915663851267 -0.0037813152416305137
0.9698505345533667 -0.0028633668053434065
0.9848868109087459 -0.0016108832936053454
1.0 0.0
