airfoil_2_0010
1.0 0.0
0.9848868109087459 0.00641679462987308
0.9698505345533667 0.01259245949213867
0.9548915663851267 0.018533706325644328
0.9400103080185115 0.024246952304821663
0.9252071673930039 0.02973833825836862
0.9104825589408702 0.03501374550574948
0.8958369037612439 0.04007881143381031
0.8812706298008143 0.04493894392363744
0.8667841720414476 0.04959933472696005
0.852377972695084 0.05406497188176298
0.8380524814062786 0.05834065124817462
0.8238081554627781 0.0624309872380184
0.8096454600145419 0.0663404228045499
0.7955648683016565 0.07007323875274722
0.7815668618916044 0.07363356242501093
0.767651930926394 0.07702537581217332
0.7538205743800791 0.08025252313526676
0.7400733003272381 0.08331871793949129
0.7264106262230219 0.0862275497382096
0.712833079195415 0.08898249024154037
0.6993411963504079 0.09158689920117451
0.6859355250908198 0.09404402990038009
0.6726166234495703 0.09635703431575078
0.6593850604382495 0.09852896797507042
0.6462414164119045 0.10056279453368641
0.6331862834510237 0.1024613900899867
0.6202202657617758 0.10422754725894247
0.6073439800956417 0.1058639790211925
0.594558056189662 0.107373322363793
0.5818631372286244 0.10875814172752424
0.5692598803306149 0.11002093227452192
0.5567489570574725 0.11116412298897632
0.5443310539518175 0.11218473716408262
0.5320068731024554 0.11308564406003851
0.5197771327401178 0.11387369800871439
0.5076425678656601 0.11455111055194094
0.4956039309130315 0.11512003922487565
0.4836619924495292 0.11558258990352614
0.47181754191607456 0.11594081904615632
0.4600713884105068 0.11619673583576808
0.4484243615171565 0.11635230423032625
0.4368773121862799 0.11640944492690392
0.4254311136672716 0.1163700372454639
0.41408666249996107 0.11623072837909135
0.4028448795687254 0.1159918089892689
0.3917067112246285 0.11566176373382062
0.3806731304813424 0.1152423323786528
0.36974513829120154 0.11473522067108569
0.3589237649084351 0.11414210181533002
0.3482100713473836 0.11346461788997922
0.3376051509443837 0.1127043812096253
0.32711013103299513 0.11186297563219869
0.31672617474336806 0.11094195781308172
0.30645448293783734 0.10993243749223386
0.29629629629629634 0.10884489548278904
0.2862528975665921 0.1076823746887479
0.2763256139971217 0.10644633564636169
0.26651581997104606 0.10513821607923897
0.2568249398641327 0.10375943176511751
0.24725445115124314 0.10231137732838308
0.23780588778999487 0.10079542695075472
0.22848084391422852 0.09921293499047655
0.2192809778747372 0.09756183805011207
0.21020801667040115 0.0958395291329636
0.2012637608196102 0.0940548197813717
0.1924500897298753 0.09220898823010197
0.18376896763311878 0.09030329356927376
0.1752224501656569 0.08833897550664462
0.16681269168581223 0.0863172538888308
0.15854195343901464 0.08423932793515576
0.1504126127009363 0.08210637512696384
0.1424271730546619 0.07991954968168008
0.13458827598943432 0.07767998052388982
0.12689871404788033 0.07538876864428197
0.11936144579814084 0.07304286030265641
0.11197961297015549 0.07064482481908788
0.10475656017578483 0.06819871493121644
0.09769585773645055 0.06570552175492395
0.09080132827787774 0.06316619216708382
0.08407707793119629 0.06058162171109942
0.07752753322022198 0.05795264596366071
0.07115748504132687 0.05528003010306352
0.06497214159251473 0.052564456418725314
0.05897719273950932 0.04980650954868805
0.05317888920840895 0.047006659379880106
0.0475841413101678 0.044165241899061757
0.04220064386804796 0.04128243904822079
0.03703703703703704 0.03835826023629975
0.032103117483016586 0.03539253145779086
0.02741012223434215 0.03238064771012243
0.022971120954139848 0.029306812636900232
0.01880157658761704 0.026180966804776138
0.014920180724767605 0.0229996210154229
0.011350166034734717 0.01975901444545501
0.008121517699064341 0.01644712724585867
0.005275080483505995 0.012957042572180576
0.002871390119267481 0.009352361265307158
0.0010151897123830426 0.00531610559633331
0.0 0.0
0.0 0.0
0.0010151897123830426 -0.00273295140416387
0.002871390119267481 -0.004210142213047418
0.005275080483505995 -0.005154284348774897
0.008121517699064341 -0.005832009311269686
0.011350166034734717 -0.006264713738044311
0.014920180724767605 -0.006526573776357434
0.01880157658761704 -0.00665446160805945
0.022971120954139848 -0.0066688815167559425
0.02741012223434215 -0.006586893713359758
0.032103117483016586 -0.006422770109099695
0.03703703703703704 -0.006188549620453155
0.04220064386804796 -0.0058944789841756055
0.0475841413101678 -0.005549356159897422
0.05317888920840895 -0.005160797344449974
0.05897719273950932 -0.004735445679450871
0.06497214159251473 -0.004279135741635488
0.07115748504132687 -0.003797024417537942
0.07752753322022198 -0.0032936960515079113
0.08407707793119629 -0.0027732477346955986
0.09080132827787774 -0.0022393591196351458
0.09769585773645055 -0.0016953500606262937
0.10475656017578483 -0.0011442285849491843
0.11197961297015549 -0.0005887311134375315
0.11936144579814084 -3.135641305995746e-05
0.12689871404788033 0.0005256055624777408
0.13458827598943432 0.0010800490349987067
0.1424271730546619 0.0016277794083499044
0.1504126127009363 0.002168134946956832
0.15854195343901464 0.0026999647629321307
0.16681269168581223 0.003221764158658187
0.1752224501656569 0.0037321330450945304
0.18376896763311878 0.004229765158585819
0.1924500897298753 0.004713438641571692
0.2012637608196102 0.005179556264106115
0.21020801667040115 0.005626651504270955
0.2192809778747372 0.00605615736299793
0.22848084391422852 0.006467176620032488
0.23780588778999487 0.006858863798754712
0.24725445115124314 0.007230420963575617
0.2568249398641327 0.007580691106514631
0.26651581997104606 0.007903510459239902
0.2763256139971217 0.008203872988621594
0.2862528975665921 0.008481199781700135
0.29629629629629634 0.008734945039085973
0.30645448293783734 0.008964594658306029
0.31672617474336806 0.009169665160979617
0.32711013103299513 0.009343687382177262
0.3376051509443837 0.009491730620305679
0.3482100713473836 0.009614014283736176
0.3589237649084351 0.009710229306696398
0.36974513829120154 0.009780095631921858
0.3806731304813424 0.0098233630440322
0.3917067112246285 0.009835355335059881
0.4028448795687254 0.009818838735126397
0.41408666249996107 0.009775454154985689
0.4254311136672716 0.009705135641668814
0.4368773121862799 0.00960785477983929
0.4484243615171565 0.009483623552361334
0.4600713884105068 0.00933172473801121
0.47181754191607456 0.009148952528635033
0.4836619924495292 0.00893998728670389
0.4956039309130315 0.008705080034526892
0.5076425678656601 0.00844454125694408
0.5197771327401178 0.008158746676888396
0.5320068731024554 0.007848143712308563
0.5443310539518175 0.007513258692621742
0.5567489570574725 0.0071531860439040746
0.5692598803306149 0.00676918077831199
0.5818631372286244 0.006363588419969175
0.594558056189662 0.005937354581252749
0.6073439800956417 0.005491549727164294
0.6202202657617758 0.005027382727240561
0.6331862834510237 0.004546216067038334
0.6462414164119045 0.004049582953150053
0.6593850604382495 0.003539206585121579
0.6726166234495703 0.0030170219146055735
0.6859355250908198 0.002485200268240017
0.6993411963504079 0.0019461772781436174
0.712833079195415 0.0014026846451334729
0.7264106262230219 0.0008577863580199608
0.7400733003272381 0.0003149201116906472
0.7538205743800791 -0.00022205518767365095
0.767651930926394 -0.0007488047634077056
0.7815668618916044 -0.0012604548685257694
0.7955648683016565 -0.0017515196864968511
0.8096454600145419 -0.002215816335393291
0.8238081554627781 -0.00264636565473315
0.8380524814062786 -0.0030352759215781055
0.852377972695084 -0.0033736059680857314
0.8667841720414476 -0.0036512033136486643
0.8812706298008143 -0.0038565118230074963
0.8958369037612439 -0.0039642823286570004
0.9104825589408702 -0.0039629072112503634
0.9252071673930039 -0.003836572117270555
0.9400103080185115 -0.0035582190682391882
0.9548915663851267 -0.003070312340427577
0.9698505345533667 -0.002366929446257557
0.9848868109087459 -0.0013527429582500996
1.0 0.0
