airfoil_2_0009
1.0 0.0
0.9848868109087459 0.007535056189450363
0.9698505345533667 0.014649011604055934
0.9548915663851267 0.02137444100776055
0.9400103080185115 0.027740058260841235
0.9252071673930039 0.03377127913822502
0.9104825589408702 0.03947596960825803
0.8958369037612439 0.04488467635101081
0.8812706298008143 0.05002463178591879
0.8667841720414476 0.05491130502996453
0.852377972695084 0.059558671354777604
0.8380524814062786 0.06397939256609587
0.8238081554627781 0.06818497175593088
0.8096454600145419 0.0721858865740135
0.7955648683016565 0.07599170441553878
0.7815668618916044 0.07961118232173556
0.767651930926394 0.0830523539061168
0.7538205743800791 0.08632260522771885
0.7400733003272381 0.08942874121410295
0.7264106262230219 0.0923770439765632
0.712833079195415 0.09517332414627158
0.6993411963504079 0.09782296618389845
0.6859355250908198 0.1003243154264738
0.6726166234495703 0.10268318698709003
0.6593850604382495 0.10490894306182579
0.6462414164119045 0.10700567435760142
0.6331862834510237 0.10897719715163404
0.6202202657617758 0.11082707691654325
0.6073439800956417 0.11255864944613025
0.594558056189662 0.11417503978100685
0.5818631372286244 0.1156791791927736
0.5692598803306149 0.11707360300333464
0.5567489570574725 0.11834503131713474
0.5443310539518175 0.11951190781545637
0.5320068731024554 0.1205765270613377
0.5197771327401178 0.12154105012215843
0.5076425678656601 0.12240751399626645
0.4956039309130315 0.12317784013327464
0.4836619924495292 0.12385384214099594
0.47181754191607456 0.12442590859167309
0.4600713884105068 0.12490070769026437
0.4484243615171565 0.1252860387067433
0.4368773121862799 0.12558333263364344
0.4254311136672716 0.12579394071292033
0.41408666249996107 0.12591913871081747
0.4028448795687254 0.12596013076340254
0.3917067112246285 0.12590215304834115
0.3806731304813424 0.1257601879811144
0.36974513829120154 0.12553723660865126
0.3589237649084351 0.12523422910822132
0.3482100713473836 0.12485203759109148
0.3376051509443837 0.1243914779100776
0.32711013103299513 0.12384909806739022
0.31672617474336806 0.12321647381912341
0.30645448293783734 0.12250762883618833
0.29629629629629634 0.12172314965290298
0.2862528975665921 0.12086357160890222
0.2763256139971217 0.1199293790001641
0.26651581997104606 0.11892100494793657
0.2568249398641327 0.1178340333453878
0.24725445115124314 0.11666191950614668
0.23780588778999487 0.11541667636444874
0.22848084391422852 0.11409851662429875
0.2192809778747372 0.11270759753926422
0.21020801667040115 0.11124401880149239
0.2012637608196102 0.10970781997926247
0.1924500897298753 0.10809897744889398
0.18376896763311878 0.10641310284236412
0.1752224501656569 0.10464479694083902
0.16681269168581223 0.10280361323996318
0.15854195343901464 0.10088925541982142
0.1504126127009363 0.09890134433447906
0.1424271730546619 0.09683941111735253
0.13458827598943432 0.09470288920058388
0.12689871404788033 0.09249110507905343
0.11936144579814084 0.0902032676198477
0.11197961297015549 0.08783845568386484
0.10475656017578483 0.08539560378795506
0.09769585773645055 0.08287348549449905
0.09080132827787774 0.08027069417304053
0.08407707793119629 0.07758562074066795
0.07752753322022198 0.07481642796441977
0.07115748504132687 0.07196102091928976
0.06497214159251473 0.06901701327519168
0.05897719273950932 0.06598168930167858
0.05317888920840895 0.06285196195306016
0.0475841413101678 0.0596243283586063
0.04220064386804796 0.05629482592918571
0.03703703703703704 0.0528589959482904
0.032103117483016586 0.049311868620696794
0.02741012223434215 0.04564799754378967
0.022971120954139848 0.04186159975257253
0.01880157658761704 0.037886736081601514
0.014920180724767605 0.03375017897107269
0.011350166034734717 0.029448253970753846
0.008121517699064341 0.024876816823648312
0.005275080483505995 0.02000831539624689
0.002871390119267481 0.014681006238718614
0.0010151897123830426 0.008629358384486073
0.0 0.0
0.0 0.0
0.0010151897123830426 -0.004672983529492705
0.002871390119267481 -0.0073871889546996816
0.005275080483505995 -0.009581642133161497
0.008121517699064341 -0.011392928724684094
0.011350166034734717 -0.012909013753054265
0.014920180724767605 -0.014188884757204498
0.01880157658761704 -0.015273459086155792
0.022971120954139848 -0.01619235937292433
0.02741012223434215 -0.01696787250442385
0.032103117483016586 -0.017617323427724544
0.03703703703703704 -0.01815455564605265
0.04220064386804796 -0.01859089122013993
0.0475841413101678 -0.018935775646294523
0.05317888920840895 -0.01919722482061128
0.05897719273950932 -0.019382143484422132
0.06497214159251473 -0.019485303193873756
0.07115748504132687 -0.01952301912767499
0.07752753322022198 -0.01950248054170847
0.08407707793119629 -0.019427789980568738
0.09080132827787774 -0.019302675342657036
0.09769585773645055 -0.01913055130163426
0.10475656017578483 -0.018908300820270653
0.11197961297015549 -0.01864384575579692
0.11936144579814084 -0.01834314244625844
0.12689871404788033 -0.01800858916971541
0.13458827598943432 -0.017642462431254256
0.1424271730546619 -0.017245553834198887
0.1504126127009363 -0.016818112883576392
0.15854195343901464 -0.016366991915283253
0.16681269168581223 -0.015893970008644696
0.1752224501656569 -0.015400779496702733
0.18376896763311878 -0.014889047917469153
0.1924500897298753 -0.014358784411934035
0.2012637608196102 -0.013814637379178957
0.21020801667040115 -0.013258078750509236
0.2192809778747372 -0.012690566318948323
0.22848084391422852 -0.012113545597311549
0.23780588778999487 -0.01152892593372936
0.24725445115124314 -0.01093867651781359
0.2568249398641327 -0.010344098901751064
0.26651581997104606 -0.009746507521698948
0.2763256139971217 -0.00914721738014362
0.2862528975665921 -0.008548392935634927
0.29629629629629634 -0.007952447864601038
0.30645448293783734 -0.007359387686183941
0.31672617474336806 -0.006770445535944161
0.32711013103299513 -0.006186859166139388
0.3376051509443837 -0.005609870132997035
0.3482100713473836 -0.00504249073066639
0.3589237649084351 -0.004486266987736783
0.36974513829120154 -0.0039406968047260025
0.3806731304813424 -0.003406954582668455
0.3917067112246285 -0.002886215270399516
0.4028448795687254 -0.0023796523838076063
0.41408666249996107 -0.0018884358208626525
0.4254311136672716 -0.0014163711152830275
0.4368773121862799 -0.0009631776547448551
0.4484243615171565 -0.0005287903635731925
0.4600713884105068 -0.00011428086536603336
0.47181754191607456 0.00027929526579764826
0.4836619924495292 0.0006509025586381318
0.4956039309130315 0.0009995301115069454
0.5076425678656601 0.0013241965191778376
0.5197771327401178 0.001623955309722105
0.5320068731024554 0.0018979009459439513
0.5443310539518175 0.0021433625162792414
0.5567489570574725 0.0023613213126120634
0.5692598803306149 0.002551382131790161
0.5818631372286244 0.0027128994541671127
0.594558056189662 0.002845304122914485
0.6073439800956417 0.0029481136646092405
0.6202202657617758 0.003020943664744067
0.6331862834510237 0.0030635203102749604
0.6462414164119045 0.00307569422389456
0.6593850604382495 0.003057455728971569
0.6726166234495703 0.003008951700258787
0.6859355250908198 0.0029305041738159955
0.6993411963504079 0.0028226309104358166
0.712833079195415 0.002685312766427528
0.7264106262230219 0.0025190334942097204
0.7400733003272381 0.002326327299354845
0.7538205743800791 0.002108867830354817
0.767651930926394 0.001868687441459427
0.7815668618916044 0.0016082179077139165
0.7955648683016565 0.0013303357105125982
0.8096454600145419 0.0010378356903951067
0.8238081554627781 0.0007354258205349153
0.8380524814062786 0.0004288906569140993
0.852377972695084 0.0001238229485800316
0.8667841720414476 -0.00017111896838116605
0.8812706298008143 -0.00044730927280308666
0.8958369037612439 -0.0006965157470925783
0.9104825589408702 -0.0008982775412279639
0.9252071673930039 -0.0010452347768084445
0.9400103080185115 -0.0011090014093978892
0.9548915663851267 -0.001075840887540035
0.9698505345533667 -0.0008991353142606977
0.9848868109087459 -0.0005570702579897216
1.0 0.0
