airfoil_16_0012
1.0 0.0
0.9848868109087459 0.005129631949691002
0.9698505345533667 0.010116845054282609
0.9548915663851267 0.014961753250446767
0.9400103080185115 0.01966457401767322
0.9252071673930039 0.024225626345734066
0.9104825589408702 0.028645328442348104
0.8958369037612439 0.032924195199468945
0.8812706298008143 0.03706283543730193
0.8667841720414476 0.04106194894566283
0.852377972695084 0.04492232334263644
0.8380524814062786 0.048644830770671076
0.8238081554627781 0.052230424450271165
0.8096454600145419 0.055680135111329056
0.7955648683016565 0.058995067321874185
0.7815668618916044 0.06217639573363313
0.767651930926394 0.06522536126328567
0.7538205743800791 0.06814326722769376
0.7400733003272381 0.07093147545067341
0.7264106262230219 0.07359140235809303
0.712833079195415 0.07612451507722423
0.6993411963504079 0.07853232755535419
0.6859355250908198 0.08081639671170551
0.6726166234495703 0.08297831863570886
0.6593850604382495 0.085019724843649
0.6462414164119045 0.08694227860466139
0.6331862834510237 0.08874767134600921
0.6202202657617758 0.09043761914652372
0.6073439800956417 0.09201385932605224
0.594558056189662 0.09347814713773814
0.5818631372286244 0.09483225256895714
0.5692598803306149 0.096077957255763
0.5567489570574725 0.09721705151475603
0.5443310539518175 0.09825133149538283
0.5320068731024554 0.09918259645480983
0.5197771327401178 0.10001264615668586
0.5076425678656601 0.10074327839432469
0.4956039309130315 0.10137628663809321
0.4836619924495292 0.10191345780608899
0.47181754191607456 0.10235294784797229
0.4600713884105068 0.10269846548896176
0.4484243615171565 0.10295338025068151
0.4368773121862799 0.10311943646221243
0.4254311136672716 0.10319836204396875
0.41408666249996107 0.10319186689733478
0.4028448795687254 0.10310164139408104
0.3917067112246285 0.10292935495999933
0.3806731304813424 0.10267665474667716
0.36974513829120154 0.10234516438480634
0.3589237649084351 0.101936482811882
0.3482100713473836 0.10145218316658086
0.3376051509443837 0.10089381174150101
0.32711013103299513 0.1002628869852826
0.31672617474336806 0.09956089854439094
0.30645448293783734 0.09878930633401012
0.29629629629629634 0.09794387394673978
0.2862528975665921 0.09703082333974784
0.2763256139971217 0.09605234024152391
0.26651581997104606 0.09500975044400427
0.2568249398641327 0.09390434408358471
0.24725445115124314 0.09273737453506598
0.23780588778999487 0.09151005721945032
0.22848084391422852 0.09022356830001063
0.2192809778747372 0.08887904323724471
0.21020801667040115 0.08747757516870137
0.2012637608196102 0.08602021307402158
0.1924500897298753 0.08450795967862604
0.18376896763311878 0.08294176904097326
0.1752224501656569 0.08132125359913228
0.16681269168581223 0.07964347315423484
0.15854195343901464 0.07791429161427868
0.1504126127009363 0.07613442819782407
0.1424271730546619 0.07430453441198964
0.13458827598943432 0.07242518824622189
0.12689871404788033 0.07049688731182817
0.11936144579814084 0.06852004070566312
0.11197961297015549 0.06649495932381815
0.10475656017578483 0.06442184428419376
0.09769585773645055 0.062300773031061144
0.09080132827787774 0.060131682584376976
0.08407707793119629 0.05791434925411946
0.07752753322022198 0.0556483639553859
0.07115748504132687 0.053333102020795047
0.06497214159251473 0.05096768609728314
0.05897719273950932 0.048550940316844954
0.05317888920840895 0.04608133342828606
0.0475841413101678 0.043556907963201184
0.04220064386804796 0.040975191813210174
0.03703703703703704 0.03833308794471788
0.032103117483016586 0.03562673775754954
0.02741012223434215 0.03285135485290296
0.022971120954139848 0.030001031487806713
0.01880157658761704 0.02706853716910267
0.014920180724767605 0.02404517818688722
0.011350166034734717 0.020894820795405236
0.008121517699064341 0.01756928521774936
0.005275080483505995 0.014073058851548817
0.002871390119267481 0.010336563235927835
0.0010151897123830426 0.006004500641627722
0.0 0.0
0.0 0.0
0.0010151897123830426 -0.0032267018286783497
0.002871390119267481 -0.00466472015134649
0.005275080483505995 -0.005501922175748811
0.008121517699064341 -0.005922086176245982
0.011350166034734717 -0.00609224485011965
0.014920180724767605 -0.006045026797493155
0.01880157658761704 -0.005848398383077381
0.022971120954139848 -0.005512194781627899
0.02741012223434215 -0.005075049932402654
0.032103117483016586 -0.004554896544267948
0.03703703703703704 -0.0039650645465332335
0.04220064386804796 -0.003315724465872928
0.0475841413101678 -0.0026187812927060687
0.05317888920840895 -0.001883643148377996
0.05897719273950932 -0.001117357830836834
0.06497214159251473 -0.00032610724865336283
0.07115748504132687 0.0004846751599757649
0.07752753322022198 0.0013102035186389246
0.08407707793119629 0.002146252990232655
0.09080132827787774 0.0029890856147775126
0.09769585773645055 0.0038353866887729958
0.10475656017578483 0.004682210103460965
0.11197961297015549 0.005526931288252866
0.11936144579814084 0.0063672066122758345
0.12689871404788033 0.0072009382769424625
0.13458827598943432 0.008026243885943533
0.1424271730546619 0.00884143000847571
0.1504126127009363 0.009644969159918379
0.15854195343901464 0.0104333085121921
0.16681269168581223 0.011205494532501763
0.1752224501656569 0.011961747639387205
0.18376896763311878 0.012701055528384565
0.1924500897298753 0.013422495592324309
0.2012637608196102 0.014125223922043191
0.21020801667040115 0.014808465638068096
0.2192809778747372 0.015471506379885784
0.22848084391422852 0.01610987167013978
0.23780588778999487 0.016723934878778223
0.24725445115124314 0.017315611113201637
0.2568249398641327 0.01788440134430456
0.26651581997104606 0.018429836849480224
0.2763256139971217 0.0189514750863116
0.2862528975665921 0.01944675753125347
0.29629629629629634 0.01991170880934315
0.30645448293783734 0.02035147944737906
0.31672617474336806 0.020765738790848396
0.32711013103299513 0.0211541669919194
0.3376051509443837 0.02151645310705736
0.3482100713473836 0.021847712351476593
0.3589237649084351 0.022148346780821414
0.36974513829120154 0.022421926973441808
0.3806731304813424 0.022668199307782577
0.3917067112246285 0.022886911716259582
0.4028448795687254 0.023077429607796688
0.41408666249996107 0.023231742866885206
0.4254311136672716 0.02335784322146479
0.4368773121862799 0.02345551221823979
0.4484243615171565 0.023524529731436948
0.4600713884105068 0.023564673924129434
0.47181754191607456 0.023571117248896527
0.4836619924495292 0.0235448257464898
0.4956039309130315 0.02348922394304198
0.5076425678656601 0.023404113307096117
0.5197771327401178 0.023289293970471487
0.5320068731024554 0.023144565335003205
0.5443310539518175 0.022963314430410168
0.5567489570574725 0.022751206651996633
0.5692598803306149 0.022508944543588427
0.5818631372286244 0.022236356616369756
0.594558056189662 0.02193327451786325
0.6073439800956417 0.021599534435635708
0.6202202657617758 0.02123117324333392
0.6331862834510237 0.020830177928225644
0.6462414164119045 0.02039851777971482
0.6593850604382495 0.01993608253907646
0.6726166234495703 0.01944277539009832
0.6859355250908198 0.0189185157794785
0.6993411963504079 0.018363242613389917
0.712833079195415 0.01777691789229728
0.7264106262230219 0.01715696745409233
0.7400733003272381 0.016505758374672937
0.7538205743800791 0.015824059575201412
0.767651930926394 0.015111974459722543
0.7815668618916044 0.014369653971135567
0.7955648683016565 0.013597304483735811
0.8096454600145419 0.012795196988270164
0.8238081554627781 0.01196367783049981
0.8380524814062786 0.01110318132626057
0.852377972695084 0.010214244655053354
0.8667841720414476 0.009297525535663546
0.8812706298008143 0.008353823318497414
0.8958369037612439 0.007384104300243874
0.9104825589408702 0.006389532290956671
0.9252071673930039 0.005371505761036692
0.9400103080185115 0.004331546567033617
0.9548915663851267 0.003270454461413092
0.9698505345533667 0.0021925737058611206
0.9848868109087459 0.001101120564936958
1.0 0.0
