airfoil_16_0018
1.0 0.0
0.9848868109087459 0.00508962750158747
0.9698505345533667 0.010039633964721658
0.9548915663851267 0.014850063263612283
0.9400103080185115 0.01952106310629703
0.9252071673930039 0.024052883194174614
0.9104825589408702 0.028445873102428455
0.8958369037612439 0.03270047989961286
0.8812706298008143 0.03681724552553904
0.8667841720414476 0.040796803947278824
0.852377972695084 0.04463987811360664
0.8380524814062786 0.048347276728523285
0.8238081554627781 0.05191989086466093
0.8096454600145419 0.0553586904373593
0.7955648683016565 0.05866472056003927
0.7815668618916044 0.061839097801194544
0.767651930926394 0.06488300636288022
0.7538205743800791 0.06779769420001688
0.7400733003272381 0.07058446909915717
0.7264106262230219 0.07324469473459468
0.712833079195415 0.0757797867188448
0.6993411963504079 0.07819120866360343
0.6859355250908198 0.08048046826631025
0.6726166234495703 0.08264911343641429
0.6593850604382495 0.0846987284743788
0.6462414164119045 0.08663093031537479
0.6331862834510237 0.0884473648485138
0.6202202657617758 0.09014970332136715
0.6073439800956417 0.091739638838419
0.594558056189662 0.09321888296101605
0.5818631372286244 0.09458916241530943
0.5692598803306149 0.09585221591364432
0.5567489570574725 0.09700979109384354
0.5443310539518175 0.09806364157985707
0.5320068731024554 0.09901552416631372
0.5197771327401178 0.09986719612861676
0.5076425678656601 0.10062041265937344
0.4956039309130315 0.10127692443113935
0.4836619924495292 0.10183847528469343
0.47181754191607456 0.10230680004133698
0.4600713884105068 0.10267968571990733
0.4484243615171565 0.10296150440377384
0.4368773121862799 0.10315515428165734
0.4254311136672716 0.10326231722910928
0.41408666249996107 0.10328465637463118
0.4028448795687254 0.10322381451851015
0.3917067112246285 0.10308141264715737
0.3806731304813424 0.10285904853653088
0.36974513829120154 0.10255829543765066
0.3589237649084351 0.10218070083662369
0.3482100713473836 0.10172778528097948
0.3376051509443837 0.10120104126345537
0.32711013103299513 0.10060193215365082
0.31672617474336806 0.09993189116717
0.30645448293783734 0.09919232036097018
0.29629629629629634 0.09838458964259929
0.2862528975665921 0.09750363745189898
0.2763256139971217 0.09655706914339447
0.26651581997104606 0.09554620626655318
0.2568249398641327 0.09447227212607193
0.24725445115124314 0.09333645124036688
0.23780588778999487 0.09213988802270931
0.22848084391422852 0.09088368533782931
0.2192809778747372 0.08956890290252476
0.21020801667040115 0.08819655549387252
0.2012637608196102 0.08676761092261907
0.1924500897298753 0.08528298772195754
0.18376896763311878 0.08374355249283669
0.1752224501656569 0.08215011683575257
0.16681269168581223 0.08050159425574749
0.15854195343901464 0.07879592446924916
0.1504126127009363 0.07703829393588106
0.1424271730546619 0.07522924524091235
0.13458827598943432 0.07336924192370244
0.12689871404788033 0.07145866102399995
0.11936144579814084 0.06949778425860056
0.11197961297015549 0.06748678753569279
0.10475656017578483 0.06542572844281626
0.09769585773645055 0.06331453125289144
0.09080132827787774 0.06115296887507616
0.08407707793119629 0.05894064102512395
0.07752753322022198 0.05667694769282579
0.07115748504132687 0.05436105672833294
0.06497214159251473 0.05199186403767815
0.05897719273950932 0.0495679444508815
0.05317888920840895 0.047087490784214814
0.0475841413101678 0.04454823795179602
0.04220064386804796 0.04194736821589509
0.03703703703703704 0.03928139292451467
0.032103117483016586 0.036546005754795996
0.02741012223434215 0.03373590362397947
0.022971120954139848 0.030844576876934406
0.01880157658761704 0.02786408770808812
0.014920180724767605 0.024784906109128098
0.011350166034734717 0.02156158514171611
0.008121517699064341 0.018157881030841035
0.005275080483505995 0.014570171724322492
0.002871390119267481 0.010716753984343491
0.0010151897123830426 0.006241722132858552
0.0 0.0
0.0 0.0
0.0010151897123830426 -0.0034225190976562934
0.002871390119267481 -0.0050007539800411985
0.005275080483505995 -0.005939091647702468
0.008121517699064341 -0.006490779242323516
0.011350166034734717 -0.00677059549786982
0.014920180724767605 -0.006821241713647957
0.01880157658761704 -0.006705605989477322
0.022971120954139848 -0.006458739306453787
0.02741012223434215 -0.006092441539959075
0.032103117483016586 -0.005633248882183608
0.03703703703703704 -0.005098681757588098
0.04220064386804796 -0.004500288822357134
0.0475841413101678 -0.0038481295856285153
0.05317888920840895 -0.0031509805461546418
0.05897719273950932 -0.0024165157111450323
0.06497214159251473 -0.0016514600827754436
0.07115748504132687 -0.0008618906332922492
0.07752753322022198 -5.2965166203159815e-05
0.08407707793119629 0.0007708919689373019
0.09080132827787774 0.0016057397717688532
0.09769585773645055 0.0024480593262094785
0.10475656017578483 0.003294320364774333
0.11197961297015549 0.004141314800371117
0.11936144579814084 0.004986782809039886
0.12689871404788033 0.0058284089114446404
0.13458827598943432 0.006664109198864241
0.1424271730546619 0.007492003105667984
0.1504126127009363 0.00831038886774657
0.15854195343901464 0.009117722130356203
0.16681269168581223 0.009912597255606136
0.1752224501656569 0.010693730951365348
0.18376896763311878 0.011459947902497594
0.1924500897298753 0.012209109648702407
0.2012637608196102 0.012937103627299605
0.21020801667040115 0.013646720206687418
0.2192809778747372 0.014337141194013442
0.22848084391422852 0.015007606867823795
0.23780588778999487 0.015657408922503883
0.24725445115124314 0.016285884227305137
0.2568249398641327 0.016890577647103697
0.26651581997104606 0.017467419367173522
0.2763256139971217 0.01802087671130273
0.2862528975665921 0.018550459188352287
0.29629629629629634 0.019055698649173322
0.30645448293783734 0.01953614623769976
0.31672617474336806 0.019989637402761915
0.32711013103299513 0.020411114998277264
0.3376051509443837 0.020806419787949594
0.3482100713473836 0.021175195538898836
0.3589237649084351 0.021517093641596464
0.36974513829120154 0.021831771748889423
0.3806731304813424 0.02211446856052083
0.3917067112246285 0.022365260742228655
0.4028448795687254 0.022587867903882928
0.41408666249996107 0.022781998308293496
0.4254311136672716 0.022947361169777945
0.4368773121862799 0.023083666277477894
0.4484243615171565 0.02318301496678306
0.4600713884105068 0.023252197805622654
0.47181754191607456 0.02329163551956383
0.4836619924495292 0.023301070008921454
0.4956039309130315 0.023280242594140334
0.5076425678656601 0.023227548050041808
0.5197771327401178 0.02313788369910338
0.5320068731024554 0.023017463094141183
0.5443310539518175 0.022866057187326375
0.5567489570574725 0.02268343814465118
0.5692598803306149 0.02246938029053191
0.5818631372286244 0.022223661191135186
0.594558056189662 0.021939947761975748
0.6073439800956417 0.02162436434777878
0.6202202657617758 0.021276894900775497
0.6331862834510237 0.02089736482046369
0.6462414164119045 0.020485609625896583
0.6593850604382495 0.020041477220802927
0.6726166234495703 0.01956483045647094
0.6859355250908198 0.01905354585236892
0.6993411963504079 0.018507788901194786
0.712833079195415 0.017929709928372273
0.7264106262230219 0.01731927429016404
0.7400733003272381 0.016676479074472256
0.7538205743800791 0.016001358445888812
0.767651930926394 0.015293989795083113
0.7815668618916044 0.014554500841328937
0.7955648683016565 0.01378307786952658
0.8096454600145419 0.012979975323817212
0.8238081554627781 0.012145527031173607
0.8380524814062786 0.011280159393314889
0.852377972695084 0.010384406968112861
0.8667841720414476 0.009458930967968012
0.8812706298008143 0.008504541340079445
0.8958369037612439 0.007522223272596853
0.9104825589408702 0.006513169205814711
0.9252071673930039 0.005478817739094434
0.9400103080185115 0.004420901240659233
0.9548915663851267 0.0033402731441250348
0.9698505345533667 0.0022405095597621315
0.9848868109087459 0.001125728548518541
1.0 0.0
