airfoil_16_0008
1.0 0.0
0.9848868109087459 0.005121903291103695
0.9698505345533667 0.010102268475846164
0.9548915663851267 0.014941386425056342
0.9400103080185115 0.019639641089233578
0.9252071673930039 0.024197506960268525
0.9104825589408702 0.02861554635293708
0.8958369037612439 0.032894406523641145
0.8812706298008143 0.03703481664397662
0.8667841720414476 0.04103758464668637
0.852377972695084 0.04490359396142256
0.8380524814062786 0.04863380015749025
0.8238081554627781 0.05222922751039748
0.8096454600145419 0.055690965508591435
0.7955648683016565 0.05902016531623379
0.7815668618916044 0.06221803620726565
0.767651930926394 0.06528584198534458
0.7538205743800791 0.06822489740351323
0.7400733003272381 0.07103656459668814
0.7264106262230219 0.07372224953924902
0.712833079195415 0.07628339853917278
0.6993411963504079 0.07872149477929732
0.6859355250908198 0.08103805491542973
0.6726166234495703 0.08323462574013656
0.6593850604382495 0.08531278092017792
0.6462414164119045 0.08727411781467795
0.6331862834510237 0.08912025438026729
0.6202202657617758 0.09085282616859444
0.6073439800956417 0.09247348342078379
0.594558056189662 0.09398388826262567
0.5818631372286244 0.09538571200351778
0.5692598803306149 0.09668063254144235
0.5567489570574725 0.09787033187556006
0.5443310539518175 0.09895649372733058
0.5320068731024554 0.09994080127043305
0.5197771327401178 0.1008249349691556
0.5076425678656601 0.10161057052435271
0.4956039309130315 0.10229937692552976
0.4836619924495292 0.10289301460710563
0.47181754191607456 0.10338802594013584
0.4600713884105068 0.10379060775709485
0.4484243615171565 0.1041028598075776
0.4368773121862799 0.10432639509103403
0.4254311136672716 0.1044628097360427
0.41408666249996107 0.10451368165344384
0.4028448795687254 0.10448056926687378
0.3917067112246285 0.10436501031511772
0.3806731304813424 0.10416852072025183
0.36974513829120154 0.10389259351507762
0.3589237649084351 0.10353869782285208
0.3482100713473836 0.10310827788177564
0.3376051509443837 0.1026027521060999
0.32711013103299513 0.10202351217504414
0.31672617474336806 0.10137192213994448
0.30645448293783734 0.10064430118351851
0.29629629629629634 0.0998451412764238
0.2862528975665921 0.09897751755978643
0.2763256139971217 0.09804266888565569
0.26651581997104606 0.09704180065027607
0.2568249398641327 0.09597608368522707
0.24725445115124314 0.09484665306108278
0.23780588778999487 0.09365460678018936
0.22848084391422852 0.09240100433170244
0.2192809778747372 0.09108686507785077
0.21020801667040115 0.08971316643532412
0.2012637608196102 0.08828084180950947
0.1924500897298753 0.08679077823174357
0.18376896763311878 0.08524094676698962
0.1752224501656569 0.08363108616009098
0.16681269168581223 0.08196582377636852
0.15854195343901464 0.08024582159654792
0.1504126127009363 0.07847167673510709
0.1424271730546619 0.07664391592256659
0.13458827598943432 0.0747629890271865
0.12689871404788033 0.07282926142028127
0.11936144579814084 0.07084300494421242
0.11197961297015549 0.06880438718485846
0.10475656017578483 0.06671345867737832
0.09769585773645055 0.06457013758060404
0.09080132827787774 0.06237419123511148
0.08407707793119629 0.0601252138646168
0.07752753322022198 0.05782259947897644
0.07115748504132687 0.05546550877578643
0.06497214159251473 0.053052828499069275
0.05897719273950932 0.05058312127774835
0.05317888920840895 0.048054563413943825
0.0475841413101678 0.04546486741218669
0.04220064386804796 0.042811185262269506
0.03703703703703704 0.04008998773997152
0.032103117483016586 0.03729691467043305
0.02741012223434215 0.034426592304912844
0.022971120954139848 0.03147241961079364
0.01880157658761704 0.028426343191148427
0.014920180724767605 0.02527869243448026
0.011350166034734717 0.022003742555545592
0.008121517699064341 0.018523140756942905
0.005275080483505995 0.014853909477687067
0.002871390119267481 0.01093543262149081
0.0010151897123830426 0.006357332940100969
0.0 0.0
0.0 0.0
0.0010151897123830426 -0.003086021483324027
0.002871390119267481 -0.004404047419524399
0.005275080483505995 -0.00511838294135541
0.008121517699064341 -0.005446361936855386
0.011350166034734717 -0.005504829181205572
0.014920180724767605 -0.005374997935305744
0.01880157658761704 -0.005088854986299859
0.022971120954139848 -0.0046823803438544144
0.02741012223434215 -0.0041838182253666634
0.032103117483016586 -0.003608016238649147
0.03703703703703704 -0.0029672163714809
0.04220064386804796 -0.002277318906154467
0.0475841413101678 -0.001547420505794102
0.05317888920840895 -0.0007854026025836088
0.05897719273950932 1.8965014068763426e-06
0.06497214159251473 0.0008085331124968023
0.07115748504132687 0.0016293310626207182
0.07752753322022198 0.002459773400419454
0.08407707793119629 0.0032959102031078743
0.09080132827787774 0.004134280088106237
0.09769585773645055 0.0049718433066970845
0.10475656017578483 0.005805924608538857
0.11197961297015549 0.006634164347069982
0.11936144579814084 0.007454476541866542
0.12689871404788033 0.008265012823845952
0.13458827598943432 0.009064131365614576
0.1424271730546619 0.009850370046379325
0.1504126127009363 0.010622423223032584
0.15854195343901464 0.01137912158032561
0.16681269168581223 0.012119414617023622
0.1752224501656569 0.012839064059635101
0.18376896763311878 0.013538413451265862
0.1924500897298753 0.014218309672722682
0.2012637608196102 0.01487808224068857
0.21020801667040115 0.015517120878423588
0.2192809778747372 0.01613486737340888
0.22848084391422852 0.016730808452380126
0.23780588778999487 0.0172999177121089
0.24725445115124314 0.017843387014424072
0.2568249398641327 0.018363448146684117
0.26651581997104606 0.018859755603768694
0.2763256139971217 0.019331983503150296
0.2862528975665921 0.019779822322124444
0.29629629629629634 0.020196573930613495
0.30645448293783734 0.02058624449225286
0.31672617474336806 0.020950570568669887
0.32711013103299513 0.021289323712974654
0.3376051509443837 0.021602279695864587
0.3482100713473836 0.021885979878229097
0.3589237649084351 0.022137795116129514
0.36974513829120154 0.02236318739457301
0.3806731304813424 0.02256197544237955
0.3917067112246285 0.022733976234564215
0.4028448795687254 0.022877574909062354
0.41408666249996107 0.022986602935232487
0.4254311136672716 0.023068438670155345
0.4368773121862799 0.023122922968114648
0.4484243615171565 0.02314989300528411
0.4600713884105068 0.023149182509180896
0.47181754191607456 0.023112453718707293
0.4836619924495292 0.023047738790098155
0.4956039309130315 0.022955127356883303
0.5076425678656601 0.022834472586512305
0.5197771327401178 0.02268562595760507
0.5320068731024554 0.02250372596594866
0.5443310539518175 0.022290797374799498
0.5567489570574725 0.0220496227997023
0.5692598803306149 0.02178008216265382
0.5818631372286244 0.02148205869294151
0.594558056189662 0.021155440616051856
0.6073439800956417 0.020794991005664912
0.6202202657617758 0.020405229405046774
0.6331862834510237 0.019987070085248825
0.6462414164119045 0.019540460796860053
0.6593850604382495 0.019065365118399864
0.6726166234495703 0.018561765823410407
0.6859355250908198 0.018029668703318735
0.6993411963504079 0.01746554019850116
0.712833079195415 0.01687328685835774
0.7264106262230219 0.01625326573700517
0.7400733003272381 0.015605628422113701
0.7538205743800791 0.014930575508793923
0.767651930926394 0.014228364944531845
0.7815668618916044 0.013499321751673137
0.7955648683016565 0.01274384941046323
0.8096454600145419 0.011962443253868226
0.8238081554627781 0.011155706312679283
0.8380524814062786 0.010324368161849881
0.852377972695084 0.009469307464965503
0.8667841720414476 0.008591579104676025
0.8812706298008143 0.007692447038780819
0.8958369037612439 0.006773424356850034
0.9104825589408702 0.005836322462598118
0.9252071673930039 0.004883311918389147
0.9400103080185115 0.003916998326709883
0.9548915663851267 0.0029404872068729583
0.9698505345533667 0.001958292424596199
0.9848868109087459 0.0009760335160136776
1.0 0.0
