airfoil_32_0017
1.0 0.0
0.9848868109087459 0.006038851933692019
0.9698505345533667 0.011842520216229658
0.9548915663851267 0.017417062837510443
0.9400103080185115 0.022768393739524117
0.9252071673930039 0.027902284719321064
0.9104825589408702 0.03282436741402393
0.8958369037612439 0.037540135358979425
0.8812706298008143 0.04205494611058426
0.8667841720414476 0.04637402342574413
0.852377972695084 0.050502459490344806
0.8380524814062786 0.054445217189516205
0.8238081554627781 0.05820713241286676
0.8096454600145419 0.06179291638824628
0.7955648683016565 0.06520715803796318
0.7815668618916044 0.06845432635173944
0.767651930926394 0.07153877277102604
0.7538205743800791 0.07446436204515106
0.7400733003272381 0.07723158497142077
0.7264106262230219 0.07984820187020124
0.712833079195415 0.08231814525285881
0.6993411963504079 0.08464524037799279
0.6859355250908198 0.0868332076265997
0.6726166234495703 0.08888566485998654
0.6593850604382495 0.09080612975708548
0.6462414164119045 0.09259802212804023
0.6331862834510237 0.09426466620114103
0.6202202657617758 0.09580929288037238
0.6073439800956417 0.09723504197101382
0.594558056189662 0.09854496437089247
0.5818631372286244 0.09974202422502959
0.5692598803306149 0.10082910104155218
0.5567489570574725 0.10180899176685236
0.5443310539518175 0.10268441281807333
0.5320068731024554 0.10345800207107933
0.5197771327401178 0.10413232080212861
0.5076425678656601 0.10470724963574904
0.4956039309130315 0.1051826533618548
0.4836619924495292 0.1055661038981789
0.47181754191607456 0.10585987564223995
0.4600713884105068 0.10606617407195487
0.4484243615171565 0.10618713737964483
0.4368773121862799 0.10622483804459854
0.4254311136672716 0.10618128434185817
0.41408666249996107 0.10605842178470665
0.4028448795687254 0.10585813449810423
0.3917067112246285 0.10558224652004329
0.3806731304813424 0.10523252302745505
0.36974513829120154 0.10480988214828034
0.3589237649084351 0.104309635590687
0.3482100713473836 0.10374060798611717
0.3376051509443837 0.10310432878669422
0.32711013103299513 0.10240227231032066
0.31672617474336806 0.10163585840229614
0.30645448293783734 0.10080645297784026
0.29629629629629634 0.09991536843579595
0.2862528975665921 0.09896386393228811
0.2763256139971217 0.09795314550134139
0.26651581997104606 0.09688436600736718
0.2568249398641327 0.0957586249119468
0.24725445115124314 0.09457085980075415
0.23780588778999487 0.09332694047603234
0.22848084391422852 0.09202907675352827
0.2192809778747372 0.09067813076529746
0.21020801667040115 0.08927490591108911
0.2012637608196102 0.08782014500454828
0.1924500897298753 0.0863145280056093
0.18376896763311878 0.08475866927825253
0.1752224501656569 0.08315311430104255
0.16681269168581223 0.08149833574349839
0.15854195343901464 0.07979472880369942
0.1504126127009363 0.07804260568075498
0.1424271730546619 0.07624218902875785
0.13458827598943432 0.07438914989692513
0.12689871404788033 0.07248696317364278
0.11936144579814084 0.07053669139922769
0.11197961297015549 0.06853813322104005
0.10475656017578483 0.06649095215706394
0.09769585773645055 0.06439466099786911
0.09080132827787774 0.062248603344165036
0.08407707793119629 0.06005193170830207
0.07752753322022198 0.05780358148772377
0.07115748504132687 0.0555022399790364
0.06497214159251473 0.05314630944825605
0.05897719273950932 0.05073386312212473
0.05317888920840895 0.04826259285682206
0.0475841413101678 0.04572974726300819
0.04220064386804796 0.04313205941316735
0.03703703703703704 0.040465664344261285
0.032103117483016586 0.0377260092957677
0.02741012223434215 0.03489906688900367
0.022971120954139848 0.03196704948648874
0.01880157658761704 0.028931509810437284
0.014920180724767605 0.025780254123392417
0.011350166034734717 0.02249912300873262
0.008121517699064341 0.01905098401528094
0.005275080483505995 0.015305432245208413
0.002871390119267481 0.01130907945208636
0.0010151897123830426 0.006603736080937666
0.0 0.0
0.0 0.0
0.0010151897123830426 -0.0031795325039128764
0.002871390119267481 -0.00461654334165988
0.005275080483505995 -0.005467980574373594
0.008121517699064341 -0.005925524850583925
0.011350166034734717 -0.006131715733918322
0.014920180724767605 -0.006138833929041892
0.01880157658761704 -0.005998024781654524
0.022971120954139848 -0.005727200766541294
0.02741012223434215 -0.00536352498920743
0.032103117483016586 -0.00492195245326276
0.03703703703703704 -0.004413129127239121
0.04220064386804796 -0.0038509072060068017
0.0475841413101678 -0.0032465157213835993
0.05317888920840895 -0.0026077272433018216
0.05897719273950932 -0.001941333754324541
0.06497214159251473 -0.0012532789508154752
0.07115748504132687 -0.0005487728273317618
0.07752753322022198 0.00016760969404296816
0.08407707793119629 0.0008918440969686625
0.09080132827787774 0.001620383636688762
0.09769585773645055 0.0023500969905682094
0.10475656017578483 0.0030782146640054193
0.11197961297015549 0.003802282838641485
0.11936144579814084 0.004520123547250644
0.12689871404788033 0.005229800232792727
0.13458827598943432 0.00592958789745323
0.1424271730546619 0.006617947172994773
0.1504126127009363 0.007293501749139357
0.15854195343901464 0.007955018684875373
0.16681269168581223 0.008601391201232135
0.1752224501656569 0.00923162361557312
0.18376896763311878 0.009842097070496564
0.1924500897298753 0.010432904833291812
0.2012637608196102 0.011004737201762335
0.21020801667040115 0.01155696200611066
0.2192809778747372 0.012089007214184915
0.22848084391422852 0.012600353652507043
0.23780588778999487 0.01309052860257582
0.24725445115124314 0.013557866606615761
0.2568249398641327 0.013998199746582786
0.26651581997104606 0.01441595341943784
0.2763256139971217 0.014810832769744044
0.2862528975665921 0.015182566764200756
0.29629629629629634 0.01553090520808979
0.30645448293783734 0.015855597738993824
0.31672617474336806 0.01614940779687663
0.32711013103299513 0.016419123590233304
0.3376051509443837 0.01666459681550364
0.3482100713473836 0.016885689397190363
0.3589237649084351 0.01708227236206193
0.36974513829120154 0.017252168200635343
0.3806731304813424 0.017392136184453167
0.3917067112246285 0.01750737173388648
0.4028448795687254 0.017597813452468303
0.41408666249996107 0.01766340565135016
0.4254311136672716 0.017704098409183158
0.4368773121862799 0.017714722664526374
0.4484243615171565 0.017698705220996865
0.4600713884105068 0.017657946958880094
0.47181754191607456 0.0175924593376247
0.4836619924495292 0.017502261588920306
0.4956039309130315 0.017386482611792625
0.5076425678656601 0.01724081779989834
0.5197771327401178 0.0170709301799457
0.5320068731024554 0.016876913520091418
0.5443310539518175 0.016658876003587123
0.5567489570574725 0.016416942413633503
0.5692598803306149 0.016149906995414107
0.5818631372286244 0.015855812995440158
0.594558056189662 0.015538796387218874
0.6073439800956417 0.015199099842613157
0.6202202657617758 0.014836997073473121
0.6331862834510237 0.014452797145594573
0.6462414164119045 0.014046849330535432
0.6593850604382495 0.013617516536396363
0.6726166234495703 0.013166512119509815
0.6859355250908198 0.012695635681666975
0.6993411963504079 0.01220546750243613
0.712833079195415 0.011696660377181659
0.7264106262230219 0.011169949418336302
0.7400733003272381 0.010626163246481074
0.7538205743800791 0.010066236810413513
0.767651930926394 0.009491226123857081
0.7815668618916044 0.008902308316734948
0.7955648683016565 0.008300411356450101
0.8096454600145419 0.0076878299493510684
0.8238081554627781 0.007066245887265845
0.8380524814062786 0.0064375643633130565
0.852377972695084 0.005803947665186762
0.8667841720414476 0.005167854851558527
0.8812706298008143 0.004532088697182406
0.8958369037612439 0.0038998515178525154
0.9104825589408702 0.00327481190769329
0.9252071673930039 0.0026624793493561795
0.9400103080185115 0.002067728607342983
0.9548915663851267 0.0014964309961739597
0.9698505345533667 0.000955627592274739
0.9848868109087459 0.00045357414095318683
1.0 0.0
