airfoil_40_0008
1.0 0.0
0.9848868109087459 0.005415299347993417
0.9698505345533667 0.010675661580348317
0.9548915663851267 0.01578148682907803
0.9400103080185115 0.02073328992015802
0.9252071673930039 0.02553169961243112
0.9104825589408702 0.030177457380832835
0.8958369037612439 0.034671415753416736
0.8812706298008143 0.03901453621479016
0.8667841720414476 0.04320788669154124
0.852377972695084 0.047252638638023044
0.8380524814062786 0.05115006374341973
0.8238081554627781 0.054901530283338336
0.8096454600145419 0.05850849914121922
0.7955648683016565 0.06197251952662142
0.7815668618916044 0.0652952244189097
0.767651930926394 0.068478325766028
0.7538205743800791 0.07152360946889896
0.7400733003272381 0.07443088903100292
0.7264106262230219 0.07720145782367722
0.712833079195415 0.07984021777904046
0.6993411963504079 0.08234917617593439
0.6859355250908198 0.0847303878005211
0.6726166234495703 0.08698594933812548
0.6593850604382495 0.08911799374970594
0.6462414164119045 0.09112868466040931
0.6331862834510237 0.09302021078628869
0.6202202657617758 0.09479478042370967
0.6073439800956417 0.09645461602426725
0.594558056189662 0.09800194887620847
0.5818631372286244 0.09943901391142682
0.5692598803306149 0.10076804465508978
0.5567489570574725 0.10199126833290241
0.5443310539518175 0.1031109011489198
0.5320068731024554 0.10412914374472058
0.5197771327401178 0.10504817684865878
0.5076425678656601 0.10587015712184206
0.4956039309130315 0.10659721320545111
0.4836619924495292 0.10723144197203258
0.47181754191607456 0.10777490498147514
0.4600713884105068 0.10822962514052162
0.4484243615171565 0.10859758356288395
0.4368773121862799 0.10888071662531607
0.4254311136672716 0.10908091321335908
0.41408666249996107 0.10920001214890206
0.4028448795687254 0.10923831401624103
0.3917067112246285 0.10919667897308324
0.3806731304813424 0.10907912817784567
0.36974513829120154 0.10888726860098193
0.3589237649084351 0.10862264589572444
0.3482100713473836 0.10828674259014139
0.3376051509443837 0.10788097636682255
0.32711013103299513 0.10740669841072109
0.31672617474336806 0.10686519180403047
0.30645448293783734 0.1062576699451923
0.29629629629629634 0.10558527496715961
0.2862528975665921 0.10484907612782428
0.2763256139971217 0.10405006814299068
0.26651581997104606 0.10318916942935664
0.2568249398641327 0.10226722022154972
0.24725445115124314 0.10128498052324258
0.23780588778999487 0.1002431278475887
0.22848084391422852 0.09914225469650169
0.2192809778747372 0.09798286572142327
0.21020801667040115 0.09676374391224547
0.2012637608196102 0.09548357718656518
0.1924500897298753 0.09414570597823459
0.18376896763311878 0.09275022773999077
0.1752224501656569 0.09129713025065293
0.16681269168581223 0.08978628530261318
0.15854195343901464 0.08821744137489633
0.1504126127009363 0.08659021510512217
0.1424271730546619 0.08490408133603373
0.13458827598943432 0.08315836146524005
0.12689871404788033 0.0813522097678458
0.11936144579814084 0.0794845972872684
0.11197961297015549 0.07755429279524334
0.10475656017578483 0.07555984020178123
0.09769585773645055 0.07349953164167533
0.09080132827787774 0.07137137526539608
0.08407707793119629 0.06917305650460993
0.07752753322022198 0.06690189124714821
0.07115748504132687 0.0645547689179404
0.06497214159251473 0.062128082888605975
0.05897719273950932 0.059617644888121164
0.05317888920840895 0.05701857911252708
0.0475841413101678 0.05432519048701769
0.04220064386804796 0.0515308000016195
0.03703703703703704 0.048627538308153806
0.032103117483016586 0.04560608721908535
0.02741012223434215 0.04245535860109805
0.022971120954139848 0.03916210485306488
0.01880157658761704 0.035710474302254526
0.014920180724767605 0.03208158575337606
0.011350166034734717 0.028208707877816437
0.008121517699064341 0.024025418455146212
0.005275080483505995 0.01951894740617705
0.002871390119267481 0.014557477605345877
0.0010151897123830426 0.008615978978254293
0.0 0.0
0.0 0.0
0.0010151897123830426 -0.0021611038918237023
0.002871390119267481 -0.002945144438636737
0.005275080483505995 -0.003240880463787202
0.008121517699064341 -0.003244245566051999
0.011350166034734717 -0.003045623827532047
0.014920180724767605 -0.0026858118362201935
0.01880157658761704 -0.0022125799182726846
0.022971120954139848 -0.0016527469577854747
0.02741012223434215 -0.0010217274278292257
0.032103117483016586 -0.0003394035223798991
0.03703703703703704 0.0003817005289929438
0.04220064386804796 0.0011315901384897123
0.0475841413101678 0.0019016792845579307
0.05317888920840895 0.002684577842769054
0.05897719273950932 0.0034730122967008906
0.06497214159251473 0.004261660036177499
0.07115748504132687 0.005046643527700855
0.07752753322022198 0.005823981172889545
0.08407707793119629 0.006590199764807075
0.09080132827787774 0.007342267259177559
0.09769585773645055 0.008077535324948714
0.10475656017578483 0.008793690106227284
0.11197961297015549 0.009488709896346521
0.11936144579814084 0.010160828648176475
0.12689871404788033 0.010807041341150875
0.13458827598943432 0.01142571306308979
0.1424271730546619 0.0120168984917013
0.1504126127009363 0.012579612232561812
0.15854195343901464 0.013113008042604015
0.16681269168581223 0.013616362152667873
0.1752224501656569 0.014089058723995634
0.18376896763311878 0.01453057714978547
0.1924500897298753 0.014940480957961483
0.2012637608196102 0.015318408108669928
0.21020801667040115 0.015661648709237506
0.2192809778747372 0.01596808866014907
0.22848084391422852 0.016241658981236275
0.23780588778999487 0.016482280304663446
0.24725445115124314 0.016689915025861996
0.2568249398641327 0.016864562980486587
0.26651581997104606 0.01700625774021289
0.2763256139971217 0.017112161348394897
0.2862528975665921 0.01718059535877893
0.29629629629629634 0.01721647708101561
0.30645448293783734 0.01722000954220016
0.31672617474336806 0.017191418076446096
0.32711013103299513 0.01713094934662352
0.3376051509443837 0.017037293373209653
0.3482100713473836 0.01690652266266354
0.3589237649084351 0.01674510977186347
0.36974513829120154 0.016553442994861587
0.3806731304813424 0.01633193164138977
0.3917067112246285 0.016081007036442538
0.4028448795687254 0.015798843606017725
0.41408666249996107 0.015484202276787769
0.4254311136672716 0.015142188705066579
0.4368773121862799 0.014773394253600282
0.4484243615171565 0.014378441666777217
0.4600713884105068 0.013957988125162517
0.47181754191607456 0.013510183320912136
0.4836619924495292 0.013036398995940517
0.4956039309130315 0.012540122020873701
0.5076425678656601 0.012022235777526778
0.5197771327401178 0.011483679310725772
0.5320068731024554 0.01092545336254967
0.5443310539518175 0.010347385784743831
0.5567489570574725 0.009750888167199736
0.5692598803306149 0.009139084494846909
0.5818631372286244 0.00851333415397695
0.594558056189662 0.007875098255004905
0.6073439800956417 0.007225950950669814
0.6202202657617758 0.006567592092244879
0.6331862834510237 0.005901857283427505
0.6462414164119045 0.005231511048703862
0.6593850604382495 0.004558880745860938
0.6726166234495703 0.003886331215028147
0.6859355250908198 0.0032164367769310534
0.6993411963504079 0.0025520058655560283
0.712833079195415 0.0018961089450700618
0.7264106262230219 0.0012521102366087665
0.7400733003272381 0.0006237038793408456
0.7538205743800791 1.6038984419825073e-05
0.767651930926394 -0.000565889885353743
0.7815668618916044 -0.0011184380863243307
0.7955648683016565 -0.001636260271798975
0.8096454600145419 -0.002113435488011245
0.8238081554627781 -0.002543388894467516
0.8380524814062786 -0.0029188007098499345
0.852377972695084 -0.0032314998749684116
0.8667841720414476 -0.003472339345063335
0.8812706298008143 -0.003631049189682644
0.8958369037612439 -0.0036960627419530693
0.9104825589408702 -0.0036543098364155693
0.9252071673930039 -0.0034865955992523525
0.9400103080185115 -0.003168798400428643
0.9548915663851267 -0.0026869445196755232
0.9698505345533667 -0.0020172900370204155
0.9848868109087459 -0.0011323235522609741
1.0 0.0
