airfoil_41_0007
1.0 0.0
0.9848868109087459 0.005291566414166997
0.9698505345533667 0.010414036819251266
0.9548915663851267 0.015369110195075773
0.9400103080185115 0.020158575321416974
0.9252071673930039 0.02478430598086008
0.9104825589408702 0.02924825599399897
0.8958369037612439 0.033552454114248766
0.8812706298008143 0.03769899880941216
0.8667841720414476 0.041690052956802726
0.852377972695084 0.04552783847820062
0.8380524814062786 0.04921463094020228
0.8238081554627781 0.0527527541446505
0.8096454600145419 0.05614457473280506
0.7955648683016565 0.05939249682575563
0.7815668618916044 0.06249895672230844
0.767651930926394 0.06546641767420859
0.7538205743800791 0.06829736475711516
0.7400733003272381 0.0709942998542375
0.7264106262230219 0.07355973676799077
0.712833079195415 0.0759961964734501
0.6993411963504079 0.07830620252579058
0.6859355250908198 0.08049227663231227
0.6726166234495703 0.08255693439807481
0.6593850604382495 0.08450268125262035
0.6462414164119045 0.0863320085637541
0.6331862834510237 0.08804738994289144
0.6202202657617758 0.08965127774507407
0.6073439800956417 0.09114609976541362
0.594558056189662 0.09253425613244519
0.5818631372286244 0.09381811639766731
0.5692598803306149 0.09500001681941363
0.5567489570574725 0.09608225783814668
0.5443310539518175 0.09706710173928385
0.5320068731024554 0.09795677049876143
0.5197771327401178 0.09875344380571237
0.5076425678656601 0.09945925725587332
0.4956039309130315 0.10007630070864425
0.4836619924495292 0.10060661680009432
0.47181754191607456 0.10104948553169887
0.4600713884105068 0.10140781606537322
0.4484243615171565 0.10168522244408373
0.4368773121862799 0.10188354372323269
0.4254311136672716 0.10200456546579824
0.41408666249996107 0.1020500189346143
0.4028448795687254 0.10202158037331316
0.3917067112246285 0.10192087036421217
0.3806731304813424 0.10174945325096754
0.36974513829120154 0.10150883661332821
0.3589237649084351 0.10120047078078687
0.3482100713473836 0.10082574837132259
0.3376051509443837 0.10038600384074015
0.32711013103299513 0.09988251302731121
0.31672617474336806 0.09931649267548187
0.30645448293783734 0.09868909992129783
0.29629629629629634 0.0979996440720833
0.2862528975665921 0.09724713112134964
0.2763256139971217 0.09643627819816854
0.26651581997104606 0.09556798030406766
0.2568249398641327 0.09464306746573482
0.24725445115124314 0.09366230347309058
0.23780588778999487 0.09262638439742706
0.22848084391422852 0.09153593684993862
0.2192809778747372 0.09039151593516959
0.21020801667040115 0.08919360284686315
0.2012637608196102 0.0879426020451179
0.1924500897298753 0.08663883794327494
0.18376896763311878 0.08528255102009441
0.1752224501656569 0.08387389325693202
0.16681269168581223 0.08241046220560842
0.15854195343901464 0.08089096421835729
0.1504126127009363 0.07931880481860136
0.1424271730546619 0.07769370353722378
0.13458827598943432 0.0760152551363488
0.12689871404788033 0.07428291820198284
0.11936144579814084 0.07249600167641505
0.11197961297015549 0.07065364891016894
0.10475656017578483 0.06875481871133934
0.09769585773645055 0.0667982627394746
0.09080132827787774 0.06478249842276818
0.08407707793119629 0.06270577635922048
0.07752753322022198 0.06056604087868658
0.07115748504132687 0.058360882072366733
0.06497214159251473 0.056087477112229826
0.05897719273950932 0.05374251805142826
0.05317888920840895 0.05132212247954838
0.0475841413101678 0.04882172236853121
0.04220064386804796 0.04623592517959152
0.03703703703703704 0.043558339897835134
0.032103117483016586 0.040781359482941995
0.02741012223434215 0.03789589137540053
0.022971120954139848 0.03489103227277043
0.01880157658761704 0.03175370094837293
0.014920180724767605 0.028468297649140367
0.011350166034734717 0.024973676460689542
0.008121517699064341 0.02122166190303709
0.005275080483505995 0.017198347010680903
0.002871390119267481 0.01279082973570997
0.0010151897123830426 0.0075463174181295695
0.0 0.0
0.0 0.0
0.0010151897123830426 -0.003540421307659405
0.002871390119267481 -0.005018375513837289
0.005275080483505995 -0.0057912045393224134
0.008121517699064341 -0.006121029008449693
0.011350166034734717 -0.006135817425194649
0.014920180724767605 -0.005941306674488586
0.01880157658761704 -0.005566723001412321
0.022971120954139848 -0.005063797146507663
0.02741012223434215 -0.004460654572966116
0.032103117483016586 -0.0037730445176433884
0.03703703703703704 -0.00302167507108431
0.04220064386804796 -0.002221449376966494
0.0475841413101678 -0.0013832176812541546
0.05317888920840895 -0.0005163484514622731
0.05897719273950932 0.00037106154414419303
0.06497214159251473 0.001272006391987418
0.07115748504132687 0.0021804164982731737
0.07752753322022198 0.0030904939859401773
0.08407707793119629 0.003998224336792125
0.09080132827787774 0.004900017736555545
0.09769585773645055 0.005792508603051865
0.10475656017578483 0.006672510435132652
0.11197961297015549 0.007536333418154311
0.11936144579814084 0.00838242209158838
0.12689871404788033 0.009208778297765934
0.13458827598943432 0.010013657813740095
0.1424271730546619 0.01079553760199757
0.1504126127009363 0.011553087451436052
0.15854195343901464 0.012285145372455659
0.16681269168581223 0.012990696211223141
0.1752224501656569 0.013668853032132543
0.18376896763311878 0.014318840887277876
0.1924500897298753 0.014939982649901306
0.2012637608196102 0.015527265362650594
0.21020801667040115 0.0160817807838307
0.2192809778747372 0.016605542283413537
0.22848084391422852 0.01709821500777282
0.23780588778999487 0.017559513980069722
0.24725445115124314 0.017989197592712478
0.2568249398641327 0.018387061950925498
0.26651581997104606 0.018745925474662646
0.2763256139971217 0.019070838113865913
0.2862528975665921 0.01936345656356203
0.29629629629629634 0.019623747237810445
0.30645448293783734 0.01985169498988624
0.31672617474336806 0.020047300922113164
0.32711013103299513 0.020202243345029212
0.3376051509443837 0.020324090050910452
0.3482100713473836 0.02041389107973473
0.3589237649084351 0.02047175795180456
0.36974513829120154 0.02049781211450695
0.3806731304813424 0.020488728684196704
0.3917067112246285 0.020442712910153288
0.4028448795687254 0.02036570649547437
0.41408666249996107 0.020257928788653193
0.4254311136672716 0.020119610417106724
0.4368773121862799 0.019950994572435873
0.4484243615171565 0.019744339151966696
0.4600713884105068 0.01950843589380567
0.47181754191607456 0.019243677702896218
0.4836619924495292 0.018950428313231103
0.4956039309130315 0.018629074152332597
0.5076425678656601 0.0182763602478859
0.5197771327401178 0.01789393880940374
0.5320068731024554 0.017485499594662605
0.5443310539518175 0.017051601708826757
0.5567489570574725 0.01659284647553589
0.5692598803306149 0.016109883094929722
0.5818631372286244 0.01559974420332554
0.594558056189662 0.015066809584658385
0.6073439800956417 0.014512849769880544
0.6202202657617758 0.01393880952606079
0.6331862834510237 0.013345719503723163
0.6462414164119045 0.012734707261505456
0.6593850604382495 0.012106300498988861
0.6726166234495703 0.011461845928736697
0.6859355250908198 0.010804439654172176
0.6993411963504079 0.010135741997863164
0.712833079195415 0.009457584815711795
0.7264106262230219 0.008771994045953736
0.7400733003272381 0.008081215540957799
0.7538205743800791 0.0073877447620551255
0.767651930926394 0.006694361037912563
0.7815668618916044 0.006004276725596704
0.7955648683016565 0.005321821412416377
0.8096454600145419 0.004650217846155587
0.8238081554627781 0.003993702593383168
0.8380524814062786 0.0033570374897831027
0.852377972695084 0.002745589771822222
0.8667841720414476 0.0021654268863347346
0.8812706298008143 0.001623429227936856
0.8958369037612439 0.0011274249030133372
0.9104825589408702 0.0006863517256725687
0.9252071673930039 0.00031385198118486857
0.9400103080185115 2.402865218639262e-05
0.9548915663851267 -0.00017090611374068033
0.9698505345533667 -0.00025386683230352796
0.9848868109087459 -0.00020479499821757758
1.0 0.0
