airfoil_41_0013
1.0 0.0
0.9848868109087459 0.005672618104761117
0.9698505345533667 0.011149222999267386
0.9548915663851267 0.016432519653535697
0.9400103080185115 0.02152528389938981
0.9252071673930039 0.026430356416037082
0.9104825589408702 0.03115063670739858
0.8958369037612439 0.03568907709527031
0.8812706298008143 0.04004867675127207
0.8667841720414476 0.044232475789311054
0.852377972695084 0.0482435494389759
0.8380524814062786 0.052085002318887665
0.8238081554627781 0.05575996282759285
0.8096454600145419 0.059271577668099304
0.7955648683016565 0.06262300652064227
0.7815668618916044 0.06581741687674547
0.767651930926394 0.06885797904611392
0.7538205743800791 0.07174786134638392
0.7400733003272381 0.07449022548426192
0.7264106262230219 0.07708822213512653
0.712833079195415 0.07954498672674964
0.6993411963504079 0.08186363543142394
0.6859355250908198 0.08404726136947133
0.6726166234495703 0.08609893102585477
0.6593850604382495 0.08802168088043047
0.6462414164119045 0.08981851425125924
0.6331862834510237 0.09149239834935138
0.6202202657617758 0.09304626154224654
0.6073439800956417 0.09448299082293032
0.594558056189662 0.09580542947976481
0.5818631372286244 0.09701637496235536
0.5692598803306149 0.09811857693759397
0.5567489570574725 0.09911473552950394
0.5443310539518175 0.10000749973596093
0.5320068731024554 0.10079946601487705
0.5197771327401178 0.10149317703200338
0.5076425678656601 0.10209112056212911
0.4956039309130315 0.10259572853512486
0.4836619924495292 0.10300707532453186
0.47181754191607456 0.10332681654851272
0.4600713884105068 0.10356019046892063
0.4484243615171565 0.10370939798652942
0.4368773121862799 0.10377658029623499
0.4254311136672716 0.10376381855774576
0.41408666249996107 0.10367313364548718
0.4028448795687254 0.10350648596710246
0.3917067112246285 0.1032657753396976
0.3806731304813424 0.10295284091271471
0.36974513829120154 0.10256946112601262
0.3589237649084351 0.10211735369137297
0.3482100713473836 0.10159817558521873
0.3376051509443837 0.10101352303981097
0.32711013103299513 0.1003649315195591
0.31672617474336806 0.0996534527083639
0.30645448293783734 0.09887540205274424
0.29629629629629634 0.09803765703498457
0.2862528975665921 0.09714149464526714
0.2763256139971217 0.09618812886650675
0.26651581997104606 0.09517871018400954
0.2568249398641327 0.09411432495007033
0.24725445115124314 0.0929959945765903
0.23780588778999487 0.09182467452528711
0.22848084391422852 0.09060125306082108
0.2192809778747372 0.0893265497270078
0.21020801667040115 0.08800131350002285
0.2012637608196102 0.08662622056486625
0.1924500897298753 0.08520187165201262
0.18376896763311878 0.0837246918814541
0.1752224501656569 0.08219726984555556
0.16681269168581223 0.08062182139006532
0.15854195343901464 0.07899858987467988
0.1504126127009363 0.07732772075726047
0.1424271730546619 0.07560925454836367
0.13458827598943432 0.07384311848477093
0.12689871404788033 0.07202911667640405
0.11936144579814084 0.07016691842490463
0.11197961297015549 0.0682560443410406
0.10475656017578483 0.06629584979747888
0.09769585773645055 0.06428550513735469
0.09080132827787774 0.06222397190952294
0.08407707793119629 0.06010997420783811
0.07752753322022198 0.05794196394029295
0.07115748504132687 0.055718078526053275
0.06497214159251473 0.05343608909091186
0.05897719273950932 0.05109333667574318
0.05317888920840895 0.048686653256350715
0.0475841413101678 0.04621226347007035
0.04220064386804796 0.04366566185770029
0.03703703703703704 0.04104145925665797
0.032103117483016586 0.038333191084593966
0.02741012223434215 0.03553308069830339
0.022971120954139848 0.03263175574463231
0.01880157658761704 0.02961793251050634
0.014920180724767605 0.026478135446898813
0.011350166034734717 0.02318226375421566
0.008121517699064341 0.019637748667279405
0.005275080483505995 0.015858079282133924
0.002871390119267481 0.011770131612337021
0.0010151897123830426 0.006906474257347778
0.0 0.0
0.0 0.0
0.0010151897123830426 -0.002616171183024173
0.002871390119267481 -0.003718349200916017
0.005275080483505995 -0.0042927994540909965
0.008121517699064341 -0.004540781539778924
0.011350166034734717 -0.0045701166252117365
0.014920180724767605 -0.004410002848875087
0.01880157658761704 -0.004122980495002153
0.022971120954139848 -0.003731830544459264
0.02741012223434215 -0.003250570168102065
0.032103117483016586 -0.002704230854241256
0.03703703703703704 -0.002104735579102554
0.04220064386804796 -0.001462406252010642
0.0475841413101678 -0.0007861877166974185
0.05317888920840895 -8.438185541514898e-05
0.05897719273950932 0.0006361478413056191
0.06497214159251473 0.0013698218658984769
0.07115748504132687 0.0021117373063136227
0.07752753322022198 0.0028575795108591218
0.08407707793119629 0.003603545645542535
0.09080132827787774 0.004346279115025783
0.09769585773645055 0.005082813209651619
0.10475656017578483 0.005810522576081007
0.11197961297015549 0.006527081324415696
0.11936144579814084 0.007230426773033084
0.12689871404788033 0.007918727993072978
0.13458827598943432 0.008590358449761649
0.1424271730546619 0.009243872150717206
0.1504126127009363 0.009877591627873425
0.15854195343901464 0.010487777187138404
0.16681269168581223 0.011075955487082961
0.1752224501656569 0.011641249849772497
0.18376896763311878 0.012182885630217749
0.1924500897298753 0.012700178740563896
0.2012637608196102 0.013192525561247793
0.21020801667040115 0.013659394064281526
0.2192809778747372 0.014100315999404317
0.22848084391422852 0.014514876116785763
0.23780588778999487 0.014896778914349968
0.24725445115124314 0.01525145311356432
0.2568249398641327 0.01557867200836223
0.26651581997104606 0.015878245723805976
0.2763256139971217 0.016150017569333507
0.2862528975665921 0.016393860880543756
0.29629629629629634 0.016608996156739372
0.30645448293783734 0.01678988865634697
0.31672617474336806 0.016942666288040253
0.32711013103299513 0.017067347436938524
0.3376051509443837 0.017163970184794562
0.3482100713473836 0.01723259131363269
0.3589237649084351 0.017273285587163366
0.36974513829120154 0.01728013245419109
0.3806731304813424 0.017258673153855403
0.3917067112246285 0.017209891456170804
0.4028448795687254 0.017133977822214565
0.41408666249996107 0.017031140400541284
0.4254311136672716 0.016901605823790296
0.4368773121862799 0.016740082701040212
0.4484243615171565 0.016552173801475632
0.4600713884105068 0.016338819109239844
0.47181754191607456 0.016100374256251514
0.4836619924495292 0.015837220550400818
0.4956039309130315 0.015549767390527975
0.5076425678656601 0.015234146073803898
0.5197771327401178 0.014895102467200314
0.5320068731024554 0.014533776239495073
0.5443310539518175 0.014150756131199033
0.5567489570574725 0.013746675484070756
0.5692598803306149 0.013322217024221476
0.5818631372286244 0.0128764882840631
0.594558056189662 0.012410870338118739
0.6073439800956417 0.01192795082608315
0.6202202657617758 0.011428694009620884
0.6331862834510237 0.010914144879134748
0.6462414164119045 0.010385438141547337
0.6593850604382495 0.00984380828126736
0.6726166234495703 0.00929046996262635
0.6859355250908198 0.008726579583302972
0.6993411963504079 0.008154835073845066
0.712833079195415 0.007576991083461155
0.7264106262230219 0.006994968005386237
0.7400733003272381 0.006410871581225822
0.7538205743800791 0.005827015141234076
0.767651930926394 0.005245944905307656
0.7815668618916044 0.004670468849915863
0.7955648683016565 0.004103689744122212
0.8096454600145419 0.0035490430776204526
0.8238081554627781 0.0030103407508633604
0.8380524814062786 0.0024918215790504282
0.852377972695084 0.00199820988721106
0.8667841720414476 0.0015347837549258162
0.8812706298008143 0.0011074548221699707
0.8958369037612439 0.0007228620132082957
0.9104825589408702 0.0003884821011654835
0.9252071673930039 0.00011276075903366658
0.9400103080185115 -9.473132629872426e-05
0.9548915663851267 -0.00022311149344106168
0.9698505345533667 -0.0002599599385060013
0.9848868109087459 -0.00019104690069654157
1.0 0.0
