airfoil_1_0010
1.0 0.0
0.9848868109087459 0.008866835084411996
0.9698505345533667 0.017028131015214772
0.9548915663851267 0.02455260579529458
0.9400103080185115 0.03149180563901913
0.9252071673930039 0.03785766331824682
0.9104825589408702 0.043760720143727484
0.8958369037612439 0.049240375048968874
0.8812706298008143 0.05433180397299395
0.8667841720414476 0.05906650116845665
0.852377972695084 0.06347273953323082
0.8380524814062786 0.06757596375099584
0.8238081554627781 0.07139912740734283
0.8096454600145419 0.07496298317564574
0.7955648683016565 0.07828633351744826
0.7815668618916044 0.08138624802168823
0.767651930926394 0.08427825244434921
0.7538205743800791 0.0869764936504022
0.7400733003272381 0.0894938839609732
0.7264106262230219 0.0918422278378083
0.712833079195415 0.09403233336874982
0.6993411963504079 0.09607411063202163
0.6859355250908198 0.0979766586978351
0.6726166234495703 0.09974834276061433
0.6593850604382495 0.10139686267401124
0.6462414164119045 0.1029293139758304
0.6331862834510237 0.10435224233458164
0.6202202657617758 0.10567169221842963
0.6073439800956417 0.10689325047660124
0.594558056189662 0.10802208542941746
0.5818631372286244 0.10906278292816587
0.5692598803306149 0.11001003428829002
0.5567489570574725 0.11087837355709071
0.5443310539518175 0.11167159029190443
0.5320068731024554 0.11239319139586182
0.5197771327401178 0.1130464227766988
0.5076425678656601 0.1136342888770663
0.4956039309130315 0.11415957028912553
0.4836619924495292 0.11462483963965686
0.47181754191607456 0.1150247403818227
0.4600713884105068 0.11536774411368705
0.4484243615171565 0.11565768678576399
0.4368773121862799 0.11589636328832152
0.4254311136672716 0.11608541541453395
0.41408666249996107 0.11622634026362924
0.4028448795687254 0.11632049766110734
0.3917067112246285 0.11636320845903178
0.3806731304813424 0.11635852226186641
0.36974513829120154 0.11631044641139267
0.3589237649084351 0.11621975367701667
0.3482100713473836 0.1160871012167592
0.3376051509443837 0.11591303302722579
0.32711013103299513 0.11569798164155622
0.31672617474336806 0.11543513392186837
0.30645448293783734 0.11512982756316778
0.29629629629629634 0.11478387438098825
0.2862528975665921 0.1143971602132324
0.2763256139971217 0.11396945450143561
0.26651581997104606 0.1135004071437209
0.2568249398641327 0.11298954442222021
0.24725445115124314 0.11242885889863201
0.23780588778999487 0.1118223466124733
0.22848084391422852 0.11117117521387808
0.2192809778747372 0.1104742180916216
0.21020801667040115 0.109730187771854
0.2012637608196102 0.10893762446696381
0.1924500897298753 0.10809488287672345
0.18376896763311878 0.10720011701471395
0.1752224501656569 0.10624128423993226
0.16681269168581223 0.10522466312005045
0.15854195343901464 0.10414831225756926
0.1504126127009363 0.1030093376008584
0.1424271730546619 0.10180453741771575
0.13458827598943432 0.1005303696312372
0.12689871404788033 0.09918291425707561
0.11936144579814084 0.09775783009461865
0.11197961297015549 0.0962503046439421
0.10475656017578483 0.09465499599620238
0.09769585773645055 0.09296596516606577
0.09080132827787774 0.0911765969866485
0.08407707793119629 0.08927438296215721
0.07752753322022198 0.08725617922220374
0.07115748504132687 0.08511430759090877
0.06497214159251473 0.0828389518860217
0.05897719273950932 0.08041912407404372
0.05317888920840895 0.07784249538203639
0.0475841413101678 0.07509202064956073
0.04220064386804796 0.07214042381729013
0.03703703703703704 0.06897566699300732
0.032103117483016586 0.06557493081159488
0.02741012223434215 0.06191191439335641
0.022971120954139848 0.057956286664838576
0.01880157658761704 0.05367318856947168
0.014920180724767605 0.049023032073338975
0.011350166034734717 0.04379944921885468
0.008121517699064341 0.03802348899093211
0.005275080483505995 0.03158797750912216
0.002871390119267481 0.023913344726841118
0.0010151897123830426 0.014552373735199804
0.0 0.0
0.0 0.0
0.0010151897123830426 -0.009291959123038136
0.002871390119267481 -0.013517626304916056
0.005275080483505995 -0.01636573873527594
0.008121517699064341 -0.01842788577463704
0.011350166034734717 -0.01999381051597273
0.014920180724767605 -0.021172558386674124
0.01880157658761704 -0.02208997550613964
0.022971120954139848 -0.022793913831539628
0.02741012223434215 -0.023322411519410054
0.032103117483016586 -0.02370445542633409
0.03703703703703704 -0.02397527324018442
0.04220064386804796 -0.0241417228273802
0.0475841413101678 -0.024217835004263874
0.05317888920840895 -0.02422256708389118
0.05897719273950932 -0.024164260171548366
0.06497214159251473 -0.024050283335124375
0.07115748504132687 -0.023887138971069474
0.07752753322022198 -0.023680562735451365
0.08407707793119629 -0.023435615317418054
0.09080132827787774 -0.023156765086559724
0.09769585773645055 -0.022847961602742106
0.10475656017578483 -0.022512700474775247
0.11197961297015549 -0.02215408028798166
0.11936144579814084 -0.02177485240431865
0.12689871404788033 -0.021377464439148865
0.13458827598943432 -0.020964098175399588
0.1424271730546619 -0.020536702611716355
0.1504126127009363 -0.020097022769561077
0.15854195343901464 -0.01964662481246017
0.16681269168581223 -0.019186917962730258
0.1752224501656569 -0.01871917363889391
0.18376896763311878 -0.018244542181343304
0.1924500897298753 -0.017764270207451187
0.2012637608196102 -0.017279738222765854
0.21020801667040115 -0.01679159940380085
0.2192809778747372 -0.016300635206058716
0.22848084391422852 -0.015807561367254228
0.23780588778999487 -0.015313036022905992
0.24725445115124314 -0.014818037447515744
0.2568249398641327 -0.014324430421946905
0.26651581997104606 -0.013831462119278186
0.2763256139971217 -0.013339599026520186
0.2862528975665921 -0.012849278379025745
0.29629629629629634 -0.012360969841589391
0.30645448293783734 -0.011877898862689279
0.31672617474336806 -0.011397884618919414
0.32711013103299513 -0.010921256060017037
0.3376051509443837 -0.010448329324647856
0.3482100713473836 -0.00998046363982477
0.3589237649084351 -0.009519631114726479
0.36974513829120154 -0.00906366471151821
0.3806731304813424 -0.008612823816176358
0.3917067112246285 -0.008167364593970132
0.4028448795687254 -0.007731006692705907
0.41408666249996107 -0.007301521503452291
0.4254311136672716 -0.006878380770554841
0.4368773121862799 -0.006461816639743288
0.4484243615171565 -0.006054261376516983
0.4600713884105068 -0.005656317762450945
0.47181754191607456 -0.005265821755487018
0.4836619924495292 -0.004883000165655171
0.4956039309130315 -0.004509000758039904
0.5076425678656601 -0.00414720388988591
0.5197771327401178 -0.003793911307640557
0.5320068731024554 -0.003449359241497311
0.5443310539518175 -0.0031137925192227865
0.5567489570574725 -0.0027919483587567503
0.5692598803306149 -0.002480267017829996
0.5818631372286244 -0.0021784166883352875
0.594558056189662 -0.0018866671858659228
0.6073439800956417 -0.0016077607587131606
0.6202202657617758 -0.0013421583192884776
0.6331862834510237 -0.001087555481188177
0.6462414164119045 -0.0008442606085334688
0.6593850604382495 -0.0006125970467415603
0.6726166234495703 -0.0003972722132569319
0.6859355250908198 -0.00019479072027365517
0.6993411963504079 -4.977419014918171e-06
0.712833079195415 0.0001717844653542564
0.7264106262230219 0.0003350905857791645
0.7400733003272381 0.0004803813424470878
0.7538205743800791 0.0006110315829089048
0.767651930926394 0.0007269537884679193
0.7815668618916044 0.0008276500169368368
0.7955648683016565 0.0009125899624342168
0.8096454600145419 0.0009807463964143514
0.8238081554627781 0.0010287638438893172
0.8380524814062786 0.0010593627713557522
0.852377972695084 0.0010718595767129217
0.8667841720414476 0.0010655163393768772
0.8812706298008143 0.0010395337614244288
0.8958369037612439 0.0009930427787279174
0.9104825589408702 0.0009250945518905067
0.9252071673930039 0.0008346484714392078
0.9400103080185115 0.0007205577136726074
0.9548915663851267 0.0005813961908287165
0.9698505345533667 0.0004155336220391601
0.9848868109087459 0.0002223016605390188
1.0 0.0
