airfoil_1_0008
1.0 0.0
0.9848868109087459 0.006392395144369902
0.9698505345533667 0.012481897370815875
0.9548915663851267 0.01828701134018731
0.9400103080185115 0.023824572760434586
0.9252071673930039 0.02910993206489336
0.9104825589408702 0.03415711434771407
0.8958369037612439 0.038978959058493585
0.8812706298008143 0.043587242379742396
0.8667841720414476 0.04799278473767757
0.852377972695084 0.05220554550810422
0.8380524814062786 0.056234706658417344
0.8238081554627781 0.0600887468010625
0.8096454600145419 0.0637755069128351
0.7955648683016565 0.06730224878995561
0.7815668618916044 0.07067570715434882
0.767651930926394 0.0739021361966699
0.7538205743800791 0.07698735123207542
0.7400733003272381 0.07992686146729845
0.7264106262230219 0.08273522912721885
0.712833079195415 0.08541742328986718
0.6993411963504079 0.0879778840436674
0.6859355250908198 0.09042075647373705
0.6726166234495703 0.09274991387385727
0.6593850604382495 0.09496897871912534
0.6462414164119045 0.0970813416389766
0.6331862834510237 0.0990901786006588
0.6202202657617758 0.1009984664876188
0.6073439800956417 0.10280020202219563
0.594558056189662 0.10450300320338916
0.5818631372286244 0.10611329509419487
0.5692598803306149 0.10763337041144913
0.5567489570574725 0.10906537884604421
0.5443310539518175 0.11041133606113769
0.5320068731024554 0.11167313185365589
0.5197771327401178 0.11285253755095474
0.5076425678656601 0.11394120881386761
0.4956039309130315 0.11494786548574236
0.4836619924495292 0.11587693577593444
0.47181754191607456 0.11672974366482938
0.4600713884105068 0.11750752089866723
0.4484243615171565 0.11821141094038934
0.4368773121862799 0.11884247245048973
0.4254311136672716 0.11939546840819322
0.41408666249996107 0.11987097781240903
0.4028448795687254 0.12027640111447188
0.3917067112246285 0.12061244407639188
0.3806731304813424 0.12087973814640242
0.36974513829120154 0.12107884150284914
0.3589237649084351 0.12121023971539435
0.3482100713473836 0.12127114741076545
0.3376051509443837 0.1212558475319751
0.32711013103299513 0.12117381041364914
0.31672617474336806 0.12102519132486464
0.30645448293783734 0.12081007043198672
0.29629629629629634 0.12052845105331303
0.2862528975665921 0.12018025744712586
0.2763256139971217 0.1197653321018979
0.26651581997104606 0.11927674738778986
0.2568249398641327 0.1187156325292011
0.24725445115124314 0.11808666030639987
0.23780588778999487 0.1173892821769162
0.22848084391422852 0.11662284735370988
0.2192809778747372 0.11578659638382768
0.21020801667040115 0.11487965384021569
0.2012637608196102 0.11390102002231531
0.1924500897298753 0.11284956154357086
0.18376896763311878 0.11172179500548726
0.1752224501656569 0.1105107762734976
0.16681269168581223 0.10922268986454824
0.15854195343901464 0.10785577897635243
0.1504126127009363 0.10640809491395094
0.1424271730546619 0.10487747910091375
0.13458827598943432 0.1032615427336287
0.12689871404788033 0.10155764374471135
0.11936144579814084 0.09976286069023581
0.11197961297015549 0.09787396311815265
0.10475656017578483 0.09588737791287541
0.09769585773645055 0.09379915104608116
0.09080132827787774 0.09160490410156738
0.08407707793119629 0.08929978489274994
0.07752753322022198 0.08687841147396226
0.07115748504132687 0.08433480889529132
0.06497214159251473 0.08166233822650211
0.05897719273950932 0.07885361778831262
0.05317888920840895 0.07590043737631279
0.0475841413101678 0.0727936679034007
0.04220064386804796 0.06952317198445307
0.03703703703703704 0.06606840249459559
0.032103117483016586 0.06238658022242136
0.02741012223434215 0.05848885211949682
0.022971120954139848 0.05435677778411008
0.01880157658761704 0.04997029786533622
0.014920180724767605 0.04521434914802121
0.011350166034734717 0.04007820806637382
0.008121517699064341 0.03454473278194114
0.005275080483505995 0.02828999406066762
0.002871390119267481 0.021268353905882092
0.0010151897123830426 0.012866784833476102
0.0 0.0
0.0 0.0
0.0010151897123830426 -0.006390387417845928
0.002871390119267481 -0.01026163290407397
0.005275080483505995 -0.013379296548633748
0.008121517699064341 -0.015995165098827095
0.011350166034734717 -0.018220811082741657
0.014920180724767605 -0.02013080078035664
0.01880157658761704 -0.02177658696964754
0.022971120954139848 -0.023195212310101777
0.02741012223434215 -0.02441439774568872
0.032103117483016586 -0.025455588505968615
0.03703703703703704 -0.02633584883142835
0.04220064386804796 -0.02706908666712036
0.0475841413101678 -0.027666873463832148
0.05317888920840895 -0.02813901028685538
0.05897719273950932 -0.028483290382161745
0.06497214159251473 -0.028709940250511115
0.07115748504132687 -0.028835868267666584
0.07752753322022198 -0.02886664863885811
0.08407707793119629 -0.02880731558942012
0.09080132827787774 -0.028662459281446208
0.09769585773645055 -0.02843630155842888
0.10475656017578483 -0.028124401102165453
0.11197961297015549 -0.027734643663971426
0.11936144579814084 -0.02727681630479838
0.12689871404788033 -0.02675397791617401
0.13458827598943432 -0.0261690579616022
0.1424271730546619 -0.02552487606762717
0.1504126127009363 -0.02482209852784557
0.15854195343901464 -0.024059545565488675
0.16681269168581223 -0.023247453111769206
0.1752224501656569 -0.022388210745494404
0.18376896763311878 -0.021484181963299747
0.1924500897298753 -0.020537711248721054
0.2012637608196102 -0.019551130751883732
0.21020801667040115 -0.01852400765938673
0.2192809778747372 -0.017461315976498436
0.22848084391422852 -0.01636672864377415
0.23780588778999487 -0.015242490564121998
0.24725445115124314 -0.014090869989809995
0.2568249398641327 -0.0129141621790372
0.26651581997104606 -0.011714692998327874
0.2763256139971217 -0.010494681967558527
0.2862528975665921 -0.009256914802801367
0.29629629629629634 -0.008004372626715366
0.30645448293783734 -0.0067394592999557405
0.31672617474336806 -0.005464628655800028
0.32711013103299513 -0.004182386717622485
0.3376051509443837 -0.0028952937901848552
0.3482100713473836 -0.0016059663864581336
0.3589237649084351 -0.0003170789512311251
0.36974513829120154 0.0009686346583218405
0.3806731304813424 0.002248205771028497
0.3917067112246285 0.0035172807421097086
0.4028448795687254 0.004774441092606265
0.41408666249996107 0.006016774548791839
0.4254311136672716 0.007241306240502731
0.4368773121862799 0.008444999624045754
0.4484243615171565 0.009624757926621102
0.4600713884105068 0.010777426169840057
0.47181754191607456 0.011899793831257506
0.4836619924495292 0.012988598203835442
0.4956039309130315 0.014040528513771447
0.5076425678656601 0.015052230857025548
0.5197771327401178 0.01602031401400914
0.5320068731024554 0.01694135620010953
0.5443310539518175 0.017811912806851418
0.5567489570574725 0.0186285251843831
0.5692598803306149 0.019387730510458678
0.5818631372286244 0.02008607278401147
0.594558056189662 0.020720114972633527
0.6073439800956417 0.021286452332659096
0.6202202657617758 0.021781122915870074
0.6331862834510237 0.022196388191330813
0.6462414164119045 0.022533333448484672
0.6593850604382495 0.02278884852652884
0.6726166234495703 0.02295994886095407
0.6859355250908198 0.023043795906445903
0.6993411963504079 0.02303771832556812
0.712833079195415 0.02293923378874292
0.7264106262230219 0.022746071204147324
0.7400733003272381 0.02245484425575365
0.7538205743800791 0.02205548996661224
0.767651930926394 0.021555748238275264
0.7815668618916044 0.02095452095656252
0.7955648683016565 0.02025104044285664
0.8096454600145419 0.019444888175334938
0.8238081554627781 0.018536011790397103
0.8380524814062786 0.017514874404608697
0.852377972695084 0.016389966945936234
0.8667841720414476 0.0151649255428932
0.8812706298008143 0.013841432661266405
0.8958369037612439 0.012421583559236764
0.9104825589408702 0.010907065589371833
0.9252071673930039 0.009292302614413607
0.9400103080185115 0.00759089764961935
0.9548915663851267 0.0058066515494726145
0.9698505345533667 0.0039437163586180275
0.9848868109087459 0.002006572076094871
1.0 0.0
