airfoil_0_0016
1.0 0.0
0.9848868109087459 0.009397979365026166
0.9698505345533667 0.017941154106843462
0.9548915663851267 0.025681535166775085
0.9400103080185115 0.032797149670928616
0.9252071673930039 0.03940125396106859
0.9104825589408702 0.0455546262390653
0.8958369037612439 0.05130760292016603
0.8812706298008143 0.056689076122600504
0.8667841720414476 0.06174725454363615
0.852377972695084 0.06651982181984673
0.8380524814062786 0.07103089323524205
0.8238081554627781 0.07530132726880281
0.8096454600145419 0.07934926591548166
0.7955648683016565 0.08319057089596806
0.7815668618916044 0.08683917843088061
0.767651930926394 0.09029400214219507
0.7538205743800791 0.09357763481696155
0.7400733003272381 0.09670047805289227
0.7264106262230219 0.09967142946034674
0.712833079195415 0.10249844190489742
0.6993411963504079 0.10518865051707825
0.6859355250908198 0.10774847970537078
0.6726166234495703 0.11018373374731431
0.6593850604382495 0.11248841258663152
0.6462414164119045 0.11466701000721446
0.6331862834510237 0.11673554929617776
0.6202202657617758 0.11869799574591053
0.6073439800956417 0.12055797499041833
0.594558056189662 0.1223188109275815
0.5818631372286244 0.12396587260244692
0.5692598803306149 0.12551265543157897
0.5567489570574725 0.12696893827485434
0.5443310539518175 0.12833705313918367
0.5320068731024554 0.12961915531266244
0.5197771327401178 0.1308008240928125
0.5076425678656601 0.13189120509814142
0.4956039309130315 0.1329012275489015
0.4836619924495292 0.13383240151449893
0.47181754191607456 0.13468612616692177
0.4600713884105068 0.1354406930747443
0.4484243615171565 0.1361173369368976
0.4368773121862799 0.1367200780191887
0.4254311136672716 0.13724985611561147
0.41408666249996107 0.13770056638130204
0.4028448795687254 0.13806076057398134
0.3917067112246285 0.13835020895063316
0.3806731304813424 0.1385694701589377
0.36974513829120154 0.13871903645656114
0.3589237649084351 0.13878197267692258
0.3482100713473836 0.13876706570568376
0.3376051509443837 0.1386832393921277
0.32711013103299513 0.1385306410765754
0.31672617474336806 0.13830935133211616
0.30645448293783734 0.1379942400977662
0.29629629629629634 0.1376092587544929
0.2862528975665921 0.13715498264426096
0.2763256139971217 0.136631127130684
0.26651581997104606 0.13603629052966537
0.2568249398641327 0.13534671079747523
0.24725445115124314 0.13458579614625543
0.23780588778999487 0.1337528442352644
0.22848084391422852 0.13284704620985074
0.2192809778747372 0.13186747743775198
0.21020801667040115 0.13079782161551207
0.2012637608196102 0.1296432757935321
0.1924500897298753 0.12841110073322412
0.18376896763311878 0.12709978625793564
0.1752224501656569 0.1257076484412345
0.16681269168581223 0.12423281169355839
0.15854195343901464 0.1226707188631079
0.1504126127009363 0.12100385782337769
0.1424271730546619 0.11924758767330257
0.13458827598943432 0.11739914558604665
0.12689871404788033 0.11545547391745108
0.11936144579814084 0.11341318769640454
0.11197961297015549 0.11126853810696531
0.10475656017578483 0.10901737150967444
0.09769585773645055 0.10665508354443173
0.09080132827787774 0.10417656788655988
0.08407707793119629 0.10157615931688076
0.07752753322022198 0.09884757095777287
0.07115748504132687 0.09598382588936556
0.06497214159251473 0.09297718400766519
0.05897719273950932 0.08981906611079
0.05317888920840895 0.08649997912446608
0.0475841413101678 0.08300944966038168
0.04220064386804796 0.0793359787165074
0.03703703703703704 0.075467040024639
0.032103117483016586 0.07138916154105414
0.02741012223434215 0.06701578302306761
0.022971120954139848 0.062375253180977704
0.01880157658761704 0.05745468634371465
0.014920180724767605 0.05211733406741921
0.011350166034734717 0.04636841383047185
0.008121517699064341 0.04003730227418163
0.005275080483505995 0.03304562115957008
0.002871390119267481 0.025029553429627788
0.0010151897123830426 0.015231888056439408
0.0 0.0
0.0 0.0
0.0010151897123830426 -0.00585516092429454
0.002871390119267481 -0.009891407837559941
0.005275080483505995 -0.01311549973873084
0.008121517699064341 -0.01587185765598023
0.011350166034734717 -0.018303730440798707
0.014920180724767605 -0.0204862921076876
0.01880157658761704 -0.022464919606851583
0.022971120954139848 -0.02426966990923921
0.02741012223434215 -0.025848494681876538
0.032103117483016586 -0.02729801158724873
0.03703703703703704 -0.028635535427840975
0.04220064386804796 -0.029868112376313795
0.0475841413101678 -0.030952641889666115
0.05317888920840895 -0.03193499247101741
0.05897719273950932 -0.03283854346674648
0.06497214159251473 -0.03366253646638865
0.07115748504132687 -0.03435977055423721
0.07752753322022198 -0.034993701574802936
0.08407707793119629 -0.03556461300252173
0.09080132827787774 -0.036045455730526366
0.09769585773645055 -0.03645103320641534
0.10475656017578483 -0.0368028124423835
0.11197961297015549 -0.03709217666871549
0.11936144579814084 -0.03729968413333417
0.12689871404788033 -0.037459956471165484
0.13458827598943432 -0.037572685460414715
0.1424271730546619 -0.03760997556921576
0.1504126127009363 -0.03760049971826855
0.15854195343901464 -0.03754837542890325
0.16681269168581223 -0.037439408739211096
0.1752224501656569 -0.03727803653088048
0.18376896763311878 -0.03707803371863993
0.1924500897298753 -0.036836573432281354
0.2012637608196102 -0.03653851001461631
0.21020801667040115 -0.03620529140265812
0.2192809778747372 -0.03583680827778312
0.22848084391422852 -0.0354224329571564
0.23780588778999487 -0.03496908327772051
0.24725445115124314 -0.03448370547542895
0.2568249398641327 -0.03396640836783035
0.26651581997104606 -0.03340503022290049
0.2763256139971217 -0.032814648340036695
0.2862528975665921 -0.03219553240899642
0.29629629629629634 -0.03154648593054232
0.30645448293783734 -0.03086244233972231
0.31672617474336806 -0.030152836709923754
0.32711013103299513 -0.029418086855936144
0.3376051509443837 -0.028658709843070704
0.3482100713473836 -0.027869789296766607
0.3589237649084351 -0.0270590709566692
0.36974513829120154 -0.026227217647721974
0.3806731304813424 -0.025374963770316842
0.3917067112246285 -0.024502222616255266
0.4028448795687254 -0.02360944460634483
0.41408666249996107 -0.022700088989590427
0.4254311136672716 -0.021775130478266406
0.4368773121862799 -0.02083563761473533
0.4484243615171565 -0.019882772681637108
0.4600713884105068 -0.01891760251740258
0.47181754191607456 -0.01794193473628534
0.4836619924495292 -0.0169575278995438
0.4956039309130315 -0.015965831657755416
0.5076425678656601 -0.014968399766256114
0.5197771327401178 -0.013966892461182356
0.5320068731024554 -0.012963079214958241
0.5443310539518175 -0.011958841802219584
0.5567489570574725 -0.01095617760449889
0.5692598803306149 -0.00995720307685368
0.5818631372286244 -0.008964157291966427
0.594558056189662 -0.007979405466985176
0.6073439800956417 -0.007005442365378557
0.6202202657617758 -0.006044895450178226
0.6331862834510237 -0.005100527645989029
0.6462414164119045 -0.00417523954486199
0.6593850604382495 -0.003272070865354637
0.6726166234495703 -0.002394200944681895
0.6859355250908198 -0.0015449480106701661
0.6993411963504079 -0.0007277669432396767
0.712833079195415 5.083509169057876e-05
0.7264106262230219 0.000785376393383483
0.7400733003272381 0.0014752319848290612
0.7538205743800791 0.0021163769823130535
0.767651930926394 0.002696713083264889
0.7815668618916044 0.003214377176723912
0.7955648683016565 0.00366883146682763
0.8096454600145419 0.004039000151138425
0.8238081554627781 0.0043359978016147245
0.8380524814062786 0.004536277955245974
0.852377972695084 0.004648508031768545
0.8667841720414476 0.004654491903345506
0.8812706298008143 0.0045539929947337535
0.8958369037612439 0.0043446077746487205
0.9104825589408702 0.00402203473362642
0.9252071673930039 0.0035827131520326807
0.9400103080185115 0.0030333675496536623
0.9548915663851267 0.0023833428738796883
0.9698505345533667 0.0016465411744243327
0.9848868109087459 0.0008432429102705505
1.0 0.0
