0 11.37 4 250
1 10.996 4 250
2 9.832 4 250
3 9.481 5 250
4 9.307 5 250
5 9.264 5 250
6 9.246 5 250
7 9.143 5 250
8 9.092 5 250
9 9.043 5 250
10 8.89 5 250
11 8.801 5 250
12 8.759 5 250
13 8.721 5 250
14 8.677 5 250
15 8.616 5 250
16 8.586 5 250
17 8.581 5 250
18 8.581 5 250
19 8.581 5 250
20 8.581 5 250
21 8.581 5 250
22 8.581 5 250
23 8.581 5 250
24 8.581 5 250
25 8.581 5 250
26 8.581 5 250
27 8.581 5 250
28 8.581 5 250
29 8.581 5 250
30 8.581 5 250
31 8.581 5 250
32 8.581 5 250
33 8.581 5 250
34 8.581 5 250
35 8.581 5 250
36 8.581 5 250
37 8.581 5 250
38 8.581 5 250
39 8.581 5 250
40 8.581 5 250
41 8.581 5 250
42 8.581 5 250
43 8.581 5 250
44 8.581 5 250
45 8.581 5 250
46 8.581 5 250
47 8.581 5 250
48 8.581 5 250
