airfoil_35_0016
1.0 0.0
0.9848868109087459 0.005657750623763581
0.9698505345533667 0.011120025577527497
0.9548915663851267 0.01638971059250586
0.9400103080185115 0.021469761158706815
0.9252071673930039 0.026363195427818904
0.9104825589408702 0.03107308716255559
0.8958369037612439 0.035602558760512264
0.8812706298008143 0.039954774378794654
0.8667841720414476 0.04413293318378624
0.852377972695084 0.0481402627484625
0.8380524814062786 0.05198001261764307
0.8238081554627781 0.055655448059531744
0.8096454600145419 0.05916984401984028
0.7955648683016565 0.06252647929274632
0.7815668618916044 0.06572863092091752
0.767651930926394 0.06877956883485459
0.7538205743800791 0.07168255073988287
0.7400733003272381 0.07444081725726363
0.7264106262230219 0.07705758732411733
0.712833079195415 0.07953605385515655
0.6993411963504079 0.0818793796676235
0.6859355250908198 0.08409069366932537
0.6726166234495703 0.0861730873082582
0.6593850604382495 0.08812961128101546
0.6462414164119045 0.08996117364142013
0.6331862834510237 0.09167222593160058
0.6202202657617758 0.09326613320983662
0.6073439800956417 0.09474576353100103
0.594558056189662 0.09611393122619877
0.5818631372286244 0.09737339494668208
0.5692598803306149 0.09852685592297185
0.5567489570574725 0.09957695642971555
0.5443310539518175 0.10052627844632524
0.5320068731024554 0.10137734250303032
0.5197771327401178 0.1021326067016397
0.5076425678656601 0.10279446590003165
0.4956039309130315 0.10336525104916829
0.4836619924495292 0.10384722867125976
0.47181754191607456 0.10424260046757025
0.4600713884105068 0.10455350304425788
0.4484243615171565 0.10478200774456492
0.4368773121862799 0.10493012057561275
0.4254311136672716 0.10499978221800155
0.41408666249996107 0.10499286810635557
0.4028448795687254 0.10491118856888244
0.3917067112246285 0.10475648901391796
0.3806731304813424 0.10452548025760298
0.36974513829120154 0.10422398185202003
0.3589237649084351 0.10385426421535617
0.3482100713473836 0.10341780514111591
0.3376051509443837 0.1029160170751589
0.32711013103299513 0.10235024725437498
0.31672617474336806 0.10172177779452529
0.30645448293783734 0.10103182571057238
0.29629629629629634 0.1002815428516092
0.2862528975665921 0.0994720157310106
0.2763256139971217 0.09860426523061529
0.26651581997104606 0.09767924615553372
0.2568249398641327 0.09669784661348668
0.24725445115124314 0.09565654875964084
0.23780588778999487 0.09455803349260639
0.22848084391422852 0.09340525036483897
0.2192809778747372 0.09219878382277746
0.21020801667040115 0.09093914280154576
0.2012637608196102 0.08962675819164428
0.1924500897298753 0.08826197979946027
0.18376896763311878 0.0868450727186541
0.1752224501656569 0.08537621301369348
0.16681269168581223 0.08385548259726487
0.15854195343901464 0.08228286315898102
0.1504126127009363 0.08065822897239718
0.1424271730546619 0.07898133836909878
0.13458827598943432 0.07724556473067784
0.12689871404788033 0.07545577882721459
0.11936144579814084 0.07361202678683922
0.11197961297015549 0.07171347843882708
0.10475656017578483 0.06975912049365018
0.09769585773645055 0.0677477341742415
0.09080132827787774 0.06567786838841536
0.08407707793119629 0.06354780740962565
0.07752753322022198 0.06135553175112616
0.07115748504132687 0.059098670550442114
0.06497214159251473 0.056774443300015354
0.05897719273950932 0.05437958813264976
0.05317888920840895 0.05191027305908256
0.0475841413101678 0.04936198552547802
0.04220064386804796 0.0467293944055177
0.03703703703703704 0.04400617715660766
0.032103117483016586 0.04118480371960529
0.02741012223434215 0.03825626893684598
0.022971120954139848 0.03520976990983177
0.01880157658761704 0.03203234239586805
0.014920180724767605 0.0287085253171443
0.011350166034734717 0.025158000823967706
0.008121517699064341 0.02137161895080463
0.005275080483505995 0.017316319017423757
0.002871390119267481 0.012860344787129184
0.0010151897123830426 0.007590373831750214
0.0 0.0
0.0 0.0
0.0010151897123830426 -0.00222718391625264
0.002871390119267481 -0.002980986998045589
0.005275080483505995 -0.003219472826676597
0.008121517699064341 -0.0031465936369188675
0.011350166034734717 -0.00284411413049319
0.014920180724767605 -0.0023992698007078
0.01880157658761704 -0.0018314463344125905
0.022971120954139848 -0.0011810024564657324
0.02741012223434215 -0.00046516301576706066
0.032103117483016586 0.0003008244557681546
0.03703703703703704 0.0011028000328584205
0.04220064386804796 0.0019311293896005504
0.0475841413101678 0.0027776032144180376
0.05317888920840895 0.003635218434860238
0.05897719273950932 0.004497993450534775
0.06497214159251473 0.005359956914895627
0.07115748504132687 0.006216993354104347
0.07752753322022198 0.007066335620487292
0.08407707793119629 0.007904864298492378
0.09080132827787774 0.008729885482215826
0.09769585773645055 0.00953907145081211
0.10475656017578483 0.010330410070515572
0.11197961297015549 0.011102161536303794
0.11936144579814084 0.011850554298778588
0.12689871404788033 0.012575722181615272
0.13458827598943432 0.013276786897626663
0.1424271730546619 0.013952806832289314
0.1504126127009363 0.014602977366054095
0.15854195343901464 0.0152266120617165
0.16681269168581223 0.015823126412329525
0.1752224501656569 0.01639202377966671
0.18376896763311878 0.016932883212214835
0.1924500897298753 0.017445348880461887
0.2012637608196102 0.01792360690167825
0.21020801667040115 0.018371257713863113
0.2192809778747372 0.018789503540863055
0.22848084391422852 0.019178223188450933
0.23780588778999487 0.01953732502942096
0.24725445115124314 0.019866742409376827
0.2568249398641327 0.020164461837956064
0.26651581997104606 0.020426006582101423
0.2763256139971217 0.02065775976463583
0.2862528975665921 0.02085977468294861
0.29629629629629634 0.0210321140836204
0.30645448293783734 0.021174848507664344
0.31672617474336806 0.021283371504687888
0.32711013103299513 0.021358469244057824
0.3376051509443837 0.02140441790092943
0.3482100713473836 0.021421359933499164
0.3589237649084351 0.02140944095480152
0.36974513829120154 0.02136710701558735
0.3806731304813424 0.02128952918977902
0.3917067112246285 0.021183923134367025
0.4028448795687254 0.021050497611387102
0.41408666249996107 0.02088946614259242
0.4254311136672716 0.02070104231668358
0.4368773121862799 0.020477843705446086
0.4484243615171565 0.020228247160621132
0.4600713884105068 0.019952543436928302
0.47181754191607456 0.019651035443944486
0.4836619924495292 0.01932404062031025
0.4956039309130315 0.01896697960459169
0.5076425678656601 0.018584233318615695
0.5197771327401178 0.018177762193722306
0.5320068731024554 0.017748011194246717
0.5443310539518175 0.017295456065286218
0.5567489570574725 0.016819108694632393
0.5692598803306149 0.01631822657523323
0.5818631372286244 0.015796980395407903
0.594558056189662 0.015256052584864755
0.6073439800956417 0.014696184458438151
0.6202202657617758 0.014118184296715288
0.6331862834510237 0.013522185716518089
0.6462414164119045 0.01290862595029962
0.6593850604382495 0.012280669149728364
0.6726166234495703 0.011639506629622496
0.6859355250908198 0.010986451820761866
0.6993411963504079 0.010322956817331743
0.712833079195415 0.009650631330275097
0.7264106262230219 0.008971264474776626
0.7400733003272381 0.008286993065031957
0.7538205743800791 0.007600468142539515
0.767651930926394 0.006914160016378326
0.7815668618916044 0.006230799473227907
0.7955648683016565 0.005553450598596684
0.8096454600145419 0.004885561028065295
0.8238081554627781 0.004231021164942564
0.8380524814062786 0.003594234302276368
0.852377972695084 0.002980200080606541
0.8667841720414476 0.0023946143522943462
0.8812706298008143 0.0018439893583431736
0.8958369037612439 0.0013357992231853581
0.9104825589408702 0.0008786572334146336
0.9252071673930039 0.0004825333245286604
0.9400103080185115 0.00015925126735171
0.9548915663851267 -6.455902409687406e-05
0.9698505345533667 -0.00018018376276201622
0.9848868109087459 -0.00016693721733176313
1.0 0.0
