airfoil_35_0014
1.0 0.0
0.9848868109087459 0.0053215096608519455
0.9698505345533667 0.010509660792976844
0.9548915663851267 0.01556358949874362
0.9400103080185115 0.020482544492073523
0.9252071673930039 0.025265889687803064
0.9104825589408702 0.02991310627183454
0.8958369037612439 0.034423794244552136
0.8812706298008143 0.038797673434258044
0.8667841720414476 0.04303458398161855
0.852377972695084 0.04713448630026609
0.8380524814062786 0.05109746052271409
0.8238081554627781 0.05492370544457077
0.8096454600145419 0.05861353698363728
0.7955648683016565 0.06216738617380357
0.7815668618916044 0.06558579671668793
0.767651930926394 0.06886942211666255
0.7538205743800791 0.07201902242726071
0.7400733003272381 0.07503546063894273
0.7264106262230219 0.0779196987398074
0.712833079195415 0.08067279348206716
0.6993411963504079 0.0832958918879582
0.6859355250908198 0.08579022652924484
0.6726166234495703 0.08815711061460689
0.6593850604382495 0.09039793291899291
0.6462414164119045 0.0925141525884954
0.6331862834510237 0.09450729385348562
0.6202202657617758 0.09637894068165916
0.6073439800956417 0.09813073140131712
0.594558056189662 0.09976435332367252
0.5818631372286244 0.10128153739125675
0.5692598803306149 0.10268405287763602
0.5567489570574725 0.10397370216166392
0.5443310539518175 0.10515231559742141
0.5320068731024554 0.10622174649885671
0.5197771327401178 0.10718348842073634
0.5076425678656601 0.10803714518470871
0.4956039309130315 0.10878718357715453
0.4836619924495292 0.10943549894407563
0.47181754191607456 0.10998398705297936
0.4600713884105068 0.11043453994619695
0.4484243615171565 0.11078904197796076
0.4368773121862799 0.11104936603805077
0.4254311136672716 0.11121736996289296
0.41408666249996107 0.11129489313314002
0.4028448795687254 0.1112837532549885
0.3917067112246285 0.11118574332078447
0.3806731304813424 0.11100262874283512
0.36974513829120154 0.11073614465276974
0.3589237649084351 0.11038799335726682
0.3482100713473836 0.10995984193947095
0.3376051509443837 0.10945331999394367
0.32711013103299513 0.10887001748150611
0.31672617474336806 0.10821148268880784
0.30645448293783734 0.10747922027586701
0.29629629629629634 0.10667468939313014
0.2862528975665921 0.10579930184775183
0.2763256139971217 0.10485442029673915
0.26651581997104606 0.10383603553548722
0.2568249398641327 0.10275039641700598
0.24725445115124314 0.10159892088493554
0.23780588778999487 0.10038274304868669
0.22848084391422852 0.09910293653678892
0.2192809778747372 0.09776051212741009
0.21020801667040115 0.09635641515428757
0.2012637608196102 0.09489152263008101
0.1924500897298753 0.0933666400198674
0.18376896763311878 0.09178249758610187
0.1752224501656569 0.09013974621231159
0.16681269168581223 0.08843895259536226
0.15854195343901464 0.08668059367441026
0.1504126127009363 0.08486505013741914
0.1424271730546619 0.08299259881177827
0.13458827598943432 0.08106305768477229
0.12689871404788033 0.07907095042879919
0.11936144579814084 0.07702194243680313
0.11197961297015549 0.07491579003613463
0.10475656017578483 0.07275208665846611
0.09769585773645055 0.07053024331228365
0.09080132827787774 0.0682494651357074
0.08407707793119629 0.06590872310506221
0.07752753322022198 0.06350671972344471
0.07115748504132687 0.06104184718650135
0.06497214159251473 0.05851213609681028
0.05897719273950932 0.05591519224596921
0.05317888920840895 0.05324811827496814
0.0475841413101678 0.05050741613625452
0.04220064386804796 0.04768886522671118
0.03703703703703704 0.044787369955382426
0.032103117483016586 0.0417967697536371
0.02741012223434215 0.03870960528053548
0.022971120954139848 0.03551683996483464
0.01880157658761704 0.03220755461221791
0.014920180724767605 0.028743743899629078
0.011350166034734717 0.025089121591910568
0.008121517699064341 0.02123321885699478
0.005275080483505995 0.01713860030653021
0.002871390119267481 0.01264048638267716
0.0010151897123830426 0.007436133496620721
0.0 0.0
0.0 0.0
0.0010151897123830426 -0.003443964911551878
0.002871390119267481 -0.004964252596714294
0.005275080483505995 -0.0058351524351405604
0.008121517699064341 -0.006273284055165507
0.011350166034734717 -0.006431678001927347
0.014920180724767605 -0.0063747467214260965
0.01880157658761704 -0.006153846074103523
0.022971120954139848 -0.005795966345660638
0.02741012223434215 -0.0053387940798228645
0.032103117483016586 -0.004799366080677713
0.03703703703703704 -0.0041887769799791525
0.04220064386804796 -0.003526065448965469
0.0475841413101678 -0.0028215992500526276
0.05317888920840895 -0.0020842078272208914
0.05897719273950932 -0.001321593981255352
0.06497214159251473 -0.0005404855742903106
0.07115748504132687 0.0002532333588337309
0.07752753322022198 0.0010544098806445157
0.08407707793119629 0.0018585254226591965
0.09080132827787774 0.002661612802304546
0.09769585773645055 0.003460184965575913
0.10475656017578483 0.0042511737009119244
0.11197961297015549 0.005031876824769678
0.11936144579814084 0.005799912568793717
0.12689871404788033 0.006553180097758895
0.13458827598943432 0.007289825257246713
0.1424271730546619 0.0080082107930638
0.1504126127009363 0.008706890404207263
0.15854195343901464 0.009384586091206031
0.16681269168581223 0.010040168345101956
0.1752224501656569 0.01067263879195602
0.18376896763311878 0.011281114965934043
0.1924500897298753 0.011864816932718146
0.2012637608196102 0.012422972055978558
0.21020801667040115 0.012949542511947368
0.2192809778747372 0.013449162169884349
0.22848084391422852 0.013921405733580245
0.23780588778999487 0.014365904836977078
0.24725445115124314 0.014782341601965275
0.2568249398641327 0.015170442991047474
0.26651581997104606 0.015529975865158767
0.2763256139971217 0.0158556667344905
0.2862528975665921 0.01615024770400502
0.29629629629629634 0.016415712726396366
0.30645448293783734 0.016652003532154916
0.31672617474336806 0.016859084853401707
0.32711013103299513 0.017036942419909877
0.3376051509443837 0.017182174701248002
0.3482100713473836 0.017294056994386846
0.3589237649084351 0.017376948638040592
0.36974513829120154 0.017430957870208506
0.3806731304813424 0.017456208179735963
0.3917067112246285 0.017452838155896787
0.4028448795687254 0.01741667346815251
0.41408666249996107 0.01734945758275215
0.4254311136672716 0.01725449945204528
0.4368773121862799 0.01713205032786488
0.4484243615171565 0.01698237897735219
0.4600713884105068 0.016805773083087467
0.47181754191607456 0.016597161359356714
0.4836619924495292 0.01636175123365835
0.4956039309130315 0.016100952965630203
0.5076425678656601 0.015815193542274012
0.5197771327401178 0.015504929478102511
0.5320068731024554 0.015170650089385314
0.5443310539518175 0.01480817045760651
0.5567489570574725 0.014423336653736631
0.5692598803306149 0.014016884978542681
0.5818631372286244 0.013589513622401548
0.594558056189662 0.013141975544386732
0.6073439800956417 0.012675084768235326
0.6202202657617758 0.012187803515825785
0.6331862834510237 0.011682728687304052
0.6462414164119045 0.011161945181143674
0.6593850604382495 0.010626611161632434
0.6726166234495703 0.010077987352543586
0.6859355250908198 0.009517449060683856
0.6993411963504079 0.008946499712628996
0.712833079195415 0.008366721909038708
0.7264106262230219 0.00778002393406782
0.7400733003272381 0.007189020901607012
0.7538205743800791 0.006595880459061262
0.767651930926394 0.006002988479042765
0.7815668618916044 0.005412976444465568
0.7955648683016565 0.0048287527897716235
0.8096454600145419 0.0042535388866183025
0.8238081554627781 0.0036909105028782078
0.8380524814062786 0.0031448457373970447
0.852377972695084 0.0026197806485117694
0.8667841720414476 0.002120674063437568
0.8812706298008143 0.0016530833934918444
0.8958369037612439 0.0012232537068318095
0.9104825589408702 0.0008382228526839217
0.9252071673930039 0.0005059461248167786
0.9400103080185115 0.00023544484577258323
0.9548915663851267 3.6984413303710805e-05
0.9698505345533667 -7.771113234695339e-05
0.9848868109087459 -9.519896063275058e-05
1.0 0.0
