airfoil_4_0005
1.0 0.0
0.9848868109087459 0.005585459323435078
0.9698505345533667 0.011023176934204298
0.9548915663851267 0.01631258676349604
0.9400103080185115 0.021453251878518972
0.9252071673930039 0.02644486507840099
0.9104825589408702 0.031287248963543006
0.8958369037612439 0.03598035548821367
0.8812706298008143 0.04052426500972278
0.8667841720414476 0.04491918485083725
0.852377972695084 0.0491654473951773
0.8380524814062786 0.05326350773811586
0.8238081554627781 0.05721394091818882
0.8096454600145419 0.06101743875618304
0.7955648683016565 0.06467480633089441
0.7815668618916044 0.06818695812203535
0.767651930926394 0.07155491385191166
0.7538205743800791 0.07477979405829668
0.7400733003272381 0.07786281543140054
0.7264106262230219 0.0808052859479886
0.712833079195415 0.08360859983555305
0.6993411963504079 0.08627423239900531
0.6859355250908198 0.08880373474165751
0.6726166234495703 0.09119872841132039
0.6593850604382495 0.09346090000118705
0.6462414164119045 0.09559199573382243
0.6331862834510237 0.09759381605506554
0.6202202657617758 0.09946821026299994
0.6073439800956417 0.10121707119538284
0.594558056189662 0.10284232999707274
0.5818631372286244 0.10434595098708113
0.5692598803306149 0.10572992664292025
0.5567489570574725 0.10699627271794589
0.5443310539518175 0.10814702350542357
0.5320068731024554 0.10918422726109248
0.5197771327401178 0.11010994179408291
0.5076425678656601 0.11092623023417233
0.4956039309130315 0.11163515698155121
0.4836619924495292 0.11223878384352565
0.47181754191607456 0.1127391663609143
0.4600713884105068 0.11313835032530596
0.4484243615171565 0.11343836848683728
0.4368773121862799 0.11363993622341731
0.4254311136672716 0.11374290146800643
0.41408666249996107 0.11375259448134506
0.4028448795687254 0.11367096775204377
0.3917067112246285 0.113499946408267
0.3806731304813424 0.11324142588328075
0.36974513829120154 0.11289726973289109
0.3589237649084351 0.11246930759470264
0.3482100713473836 0.11195933327805413
0.3376051509443837 0.11136910297241424
0.32711013103299513 0.11070033356092117
0.31672617474336806 0.1099547010245998
0.30645448293783734 0.10913383892156014
0.29629629629629634 0.1082393369241344
0.2862528975665921 0.10727273939540673
0.2763256139971217 0.10623554398488022
0.26651581997104606 0.10512920022104764
0.2568249398641327 0.10395393600119
0.24725445115124314 0.10270687226635491
0.23780588778999487 0.10139461509424472
0.22848084391422852 0.10001839300092598
0.2192809778747372 0.0985793764985276
0.21020801667040115 0.09707867594917632
0.2012637608196102 0.09551733916013361
0.1924500897298753 0.09389634865959968
0.18376896763311878 0.09221661858225035
0.1752224501656569 0.09047899108071972
0.16681269168581223 0.08868423216328125
0.15854195343901464 0.08683302683805615
0.1504126127009363 0.08492597341907661
0.1424271730546619 0.08296357681797531
0.13458827598943432 0.08094624060500129
0.12689871404788033 0.07887029274110308
0.11936144579814084 0.07673714566106674
0.11197961297015549 0.0745495029254748
0.10475656017578483 0.07230725640020097
0.09769585773645055 0.07001013453252616
0.09080132827787774 0.06765768128925476
0.08407707793119629 0.06524923069040905
0.07752753322022198 0.06278387586723076
0.07115748504132687 0.06026043127593366
0.06497214159251473 0.05767738631254082
0.05897719273950932 0.05503284807522978
0.05317888920840895 0.05232447038424284
0.0475841413101678 0.04954936538010375
0.04220064386804796 0.04670399309922874
0.03703703703703704 0.043784023498347445
0.032103117483016586 0.040784164874692386
0.02741012223434215 0.03769795365528562
0.022971120954139848 0.03451750619448281
0.01880157658761704 0.031233251864533698
0.014920180724767605 0.027814965854773128
0.011350166034734717 0.02421954704568013
0.008121517699064341 0.020443262368497552
0.005275080483505995 0.016452405166013713
0.002871390119267481 0.012100315455804115
0.0010151897123830426 0.007089304457747591
0.0 0.0
0.0 0.0
0.0010151897123830426 -0.004356230754603714
0.002871390119267481 -0.006365989590842282
0.005275080483505995 -0.007564741061255543
0.008121517699064341 -0.008289303571321524
0.011350166034734717 -0.008701397115803908
0.014920180724767605 -0.008848975491522058
0.01880157658761704 -0.00883513871881994
0.022971120954139848 -0.008669875310326355
0.02741012223434215 -0.008395944747728727
0.032103117483016586 -0.00803589910839652
0.03703703703703704 -0.007603590121778884
0.04220064386804796 -0.007110568098481175
0.0475841413101678 -0.006572435261113704
0.05317888920840895 -0.0059978442813411696
0.05897719273950932 -0.005394282215437014
0.06497214159251473 -0.004768229970172869
0.07115748504132687 -0.004125301698526333
0.07752753322022198 -0.003470365430680672
0.08407707793119629 -0.0028076468875425633
0.09080132827787774 -0.0021408185677609577
0.09769585773645055 -0.0014730761095794224
0.10475656017578483 -0.0008072037406148957
0.11197961297015549 -0.00014563040972659028
0.11936144579814084 0.0005095220214206315
0.12689871404788033 0.0011563973487847962
0.13458827598943432 0.0017933693565485458
0.1424271730546619 0.0024190110589530434
0.1504126127009363 0.003032068135090074
0.15854195343901464 0.0036314359491640357
0.16681269168581223 0.004214244420278796
0.1752224501656569 0.004778961585906546
0.18376896763311878 0.005326916470418455
0.1924500897298753 0.00585747280084629
0.2012637608196102 0.006370069037620979
0.21020801667040115 0.006864207965790047
0.2192809778747372 0.007339447654534865
0.22848084391422852 0.007792480670349508
0.23780588778999487 0.008222254381014515
0.24725445115124314 0.008631807898610589
0.2568249398641327 0.009020904491370154
0.26651581997104606 0.009389331752646158
0.2763256139971217 0.009736897670566977
0.2862528975665921 0.010057943449188011
0.29629629629629634 0.010355794729518477
0.30645448293783734 0.010632259145599201
0.31672617474336806 0.010887248720057557
0.32711013103299513 0.011120682192935676
0.3376051509443837 0.011328316521924935
0.3482100713473836 0.01151068729344248
0.3589237649084351 0.011671409104808838
0.36974513829120154 0.011810465374711752
0.3806731304813424 0.01192784081105341
0.3917067112246285 0.012019160847373507
0.4028448795687254 0.012085644587411782
0.41408666249996107 0.012130688289051613
0.4254311136672716 0.012154328175475156
0.4368773121862799 0.012156602158802111
0.4484243615171565 0.012132723773863584
0.4600713884105068 0.012085594550399216
0.47181754191607456 0.012017654196937252
0.4836619924495292 0.011929000050389785
0.4956039309130315 0.011819736774705712
0.5076425678656601 0.011685484277479091
0.5197771327401178 0.011529633933951521
0.5320068731024554 0.011354096045053434
0.5443310539518175 0.011159064462085687
0.5567489570574725 0.010944752350474775
0.5692598803306149 0.01070868947383042
0.5818631372286244 0.010452161613325439
0.594558056189662 0.01017777911324916
0.6073439800956417 0.009885903410944462
0.6202202657617758 0.00957693702180205
0.6331862834510237 0.009251329968045579
0.6462414164119045 0.00890702130035277
0.6593850604382495 0.008547370216729052
0.6726166234495703 0.00817347589712251
0.6859355250908198 0.007786075822824868
0.6993411963504079 0.007385999637374795
0.712833079195415 0.0069741828733822534
0.7264106262230219 0.006551682813370861
0.7400733003272381 0.006119179787412204
0.7538205743800791 0.00567886543943355
0.767651930926394 0.005232502864531826
0.7815668618916044 0.004781810635179382
0.7955648683016565 0.004328743479907694
0.8096454600145419 0.003875530330995325
0.8238081554627781 0.003424719537590136
0.8380524814062786 0.0029792328866149026
0.852377972695084 0.0025424305178360944
0.8667841720414476 0.002118189403313394
0.8812706298008143 0.0017109988357743467
0.8958369037612439 0.001326077406930934
0.9104825589408702 0.0009695173578345772
0.9252071673930039 0.0006484640973622886
0.9400103080185115 0.00037134132932025213
0.9548915663851267 0.00015360775632319236
0.9698505345533667 9.621933353644394e-06
0.9848868109087459 -4.803784930276838e-05
1.0 0.0
