airfoil_6_0005
1.0 0.0
0.9848868109087459 0.005813761901891637
0.9698505345533667 0.011441696078440904
0.9548915663851267 0.016885810792451876
0.9400103080185115 0.022148183967103843
0.9252071673930039 0.02723095768369512
0.9104825589408702 0.03213633276467653
0.8958369037612439 0.03686656345655879
0.8812706298008143 0.041423952225928554
0.8667841720414476 0.0458108446804706
0.852377972695084 0.050029624625581116
0.8380524814062786 0.05408270926586866
0.8238081554627781 0.05797254455959118
0.8096454600145419 0.06170160073286997
0.7955648683016565 0.06527236795935955
0.7815668618916044 0.06868735220994614
0.767651930926394 0.07194907127599098
0.7538205743800791 0.07506005096864134
0.7400733003272381 0.07802282149579372
0.7264106262230219 0.08083991401741913
0.712833079195415 0.08351385737914642
0.6993411963504079 0.08604717502324638
0.6859355250908198 0.08844238207546798
0.6726166234495703 0.09070198260554682
0.6593850604382495 0.0928284670586322
0.6462414164119045 0.09482430985436323
0.6331862834510237 0.09669196714986321
0.6202202657617758 0.0984338747625119
0.6073439800956417 0.10005244624799635
0.594558056189662 0.10155007112882922
0.5818631372286244 0.10292577180757798
0.5692598803306149 0.10418366085522265
0.5567489570574725 0.10532742390797692
0.5443310539518175 0.10635935092218228
0.5320068731024554 0.10728170053058353
0.5197771327401178 0.10809669899591738
0.5076425678656601 0.10880653927734218
0.4956039309130315 0.10941338020346793
0.4836619924495292 0.10991934574568216
0.47181754191607456 0.1103265243854147
0.4600713884105068 0.11063696856894088
0.4484243615171565 0.11085269424328618
0.4368773121862799 0.110975680466756
0.4254311136672716 0.11100786908757306
0.41408666249996107 0.11095116448405323
0.4028448795687254 0.11080743335968372
0.3917067112246285 0.11057850458638022
0.3806731304813424 0.11026021952598826
0.36974513829120154 0.10985855664994515
0.3589237649084351 0.10937691499434363
0.3482100713473836 0.1088169701982697
0.3376051509443837 0.10818035840452135
0.32711013103299513 0.10746867617493583
0.31672617474336806 0.10668348039544093
0.30645448293783734 0.10582628816059167
0.29629629629629634 0.10489857662648486
0.2862528975665921 0.10390178281988473
0.2763256139971217 0.1028373033901074
0.26651581997104606 0.10170649428864886
0.2568249398641327 0.10050551702608923
0.24725445115124314 0.09923765778330103
0.23780588778999487 0.09790725966852803
0.22848084391422852 0.096515497567582
0.2192809778747372 0.09506350061491403
0.21020801667040115 0.09355235091237174
0.2012637608196102 0.0919830819827228
0.1924500897298753 0.09035667690977933
0.18376896763311878 0.0886740661078086
0.1752224501656569 0.08693612465160518
0.16681269168581223 0.08514366908454898
0.15854195343901464 0.08329745360443262
0.1504126127009363 0.08139307201616507
0.1424271730546619 0.07943361175421663
0.13458827598943432 0.07742222627585214
0.12689871404788033 0.07535936002108716
0.11936144579814084 0.07324536398157722
0.11197961297015549 0.07108048545672169
0.10475656017578483 0.06886485576374546
0.09769585773645055 0.06659847544476731
0.09080132827787774 0.06428119639531463
0.08407707793119629 0.06191270018565524
0.07752753322022198 0.059492471648064635
0.07115748504132687 0.05701976654613881
0.06497214159251473 0.054493571809719116
0.05897719273950932 0.05191255639169573
0.05317888920840895 0.04927501026265103
0.0475841413101678 0.046578768398829844
0.04220064386804796 0.04382111586893649
0.03703703703703704 0.04099866942189493
0.032103117483016586 0.03810723073270337
0.02741012223434215 0.03514160779777813
0.022971120954139848 0.0320954068527515
0.01880157658761704 0.02896081554851634
0.014920180724767605 0.025728450924037305
0.011350166034734717 0.02235836614278371
0.008121517699064341 0.01880169304283435
0.005275080483505995 0.015061441993908456
0.002871390119267481 0.011064207050541822
0.0010151897123830426 0.006426944678865007
0.0 0.0
0.0 0.0
0.0010151897123830426 -0.0045953738194441365
0.002871390119267481 -0.0068734390936393205
0.005275080483505995 -0.008366020671969671
0.008121517699064341 -0.009392171984021879
0.011350166034734717 -0.010090463657755075
0.014920180724767605 -0.01051388750611187
0.01880157658761704 -0.010736094106277424
0.022971120954139848 -0.010802474280046263
0.02741012223434215 -0.010727067602773485
0.032103117483016586 -0.010537193989049388
0.03703703703703704 -0.010257220646895928
0.04220064386804796 -0.009900502791037883
0.0475841413101678 -0.009478673475427692
0.05317888920840895 -0.009001872290584776
0.05897719273950932 -0.008478950224869816
0.06497214159251473 -0.007917648375132017
0.07115748504132687 -0.007324751787266647
0.07752753322022198 -0.006706221044106868
0.08407707793119629 -0.006067304534233908
0.09080132827787774 -0.005412634209608167
0.09769585773645055 -0.004746307344408054
0.10475656017578483 -0.004071956468143047
0.11197961297015549 -0.003392809318801686
0.11936144579814084 -0.0027117403685719527
0.12689871404788033 -0.002031315221648904
0.13458827598943432 -0.0013538289697425003
0.1424271730546619 -0.0006813394121192668
0.1504126127009363 -1.5695898497594554e-05
0.15854195343901464 0.0006414355699057958
0.16681269168581223 0.0012885504477104974
0.1752224501656569 0.0019242865119611654
0.18376896763311878 0.0025437280642712228
0.1924500897298753 0.0031484655536153402
0.2012637608196102 0.003737946999607943
0.21020801667040115 0.004311278870765939
0.2192809778747372 0.004867645441828234
0.22848084391422852 0.00540629962732989
0.23780588778999487 0.005926554927383748
0.24725445115124314 0.006422011292776883
0.2568249398641327 0.006897115085299391
0.26651581997104606 0.007351790252950927
0.2763256139971217 0.007785585476011766
0.2862528975665921 0.008198081607777139
0.29629629629629634 0.008588887982249382
0.30645448293783734 0.008950625351291965
0.31672617474336806 0.009289662663976387
0.32711013103299513 0.009605924107056227
0.3376051509443837 0.009899159869082238
0.3482100713473836 0.010169135648270182
0.3589237649084351 0.010412509798986464
0.36974513829120154 0.010627847758985051
0.3806731304813424 0.010819410962974504
0.3917067112246285 0.010987069216833942
0.4028448795687254 0.011130703057199539
0.41408666249996107 0.011250203849934387
0.4254311136672716 0.011338344036757682
0.4368773121862799 0.011402355631324652
0.4484243615171565 0.011442286451768788
0.4600713884105068 0.01145812404757992
0.47181754191607456 0.011449869855276773
0.4836619924495292 0.011414336669074156
0.4956039309130315 0.011351815309408174
0.5076425678656601 0.011265746876890205
0.5197771327401178 0.011156249346620685
0.5320068731024554 0.011023464607124497
0.5443310539518175 0.010867561768699035
0.5567489570574725 0.010685273120823511
0.5692598803306149 0.010479203188620384
0.5818631372286244 0.010251296418077326
0.594558056189662 0.010001904944723593
0.6073439800956417 0.009731430363795378
0.6202202657617758 0.009440330454403479
0.6331862834510237 0.009128890703722673
0.6462414164119045 0.008795357934520633
0.6593850604382495 0.008443605428436115
0.6726166234495703 0.008074413948272924
0.6859355250908198 0.0076886657098715755
0.6993411963504079 0.007287358279002449
0.712833079195415 0.0068716205051986825
0.7264106262230219 0.006442730853800007
0.7400733003272381 0.006002138573008951
0.7538205743800791 0.005551488226453004
0.767651930926394 0.0050926482385980605
0.7815668618916044 0.004627719552269803
0.7955648683016565 0.00415934340504811
0.8096454600145419 0.003690211530719128
0.8238081554627781 0.0032233499333649057
0.8380524814062786 0.0027622129137476006
0.852377972695084 0.0023107531806809893
0.8667841720414476 0.0018739534797585042
0.8812706298008143 0.0014580776571880786
0.8958369037612439 0.0010690470928608243
0.9104825589408702 0.0007143480300013563
0.9252071673930039 0.0004027321202977182
0.9400103080185115 0.00014447796057673196
0.9548915663851267 -4.8280277657751654e-05
0.9698505345533667 -0.000146827732230385
0.9848868109087459 -0.0001374154106184403
1.0 0.0
