airfoil_38_0013
1.0 0.0
0.9848868109087459 0.00669284153080443
0.9698505345533667 0.013088519232285888
0.9548915663851267 0.01919894630301479
0.9400103080185115 0.025035414758281388
0.9252071673930039 0.03060863349862846
0.9104825589408702 0.03592876365851691
0.8958369037612439 0.04100545145780004
0.8812706298008143 0.04584785875805502
0.8667841720414476 0.050464691507312066
0.852377972695084 0.054864226240100386
0.8380524814062786 0.05905433478477413
0.8238081554627781 0.06304250731661662
0.8096454600145419 0.0668358738830788
0.7955648683016565 0.07044122451654054
0.7815668618916044 0.07386502804008142
0.767651930926394 0.07711344966277213
0.7538205743800791 0.08019236745288054
0.7400733003272381 0.08310738777001242
0.7264106262230219 0.08586385973051792
0.712833079195415 0.0884668887744115
0.6993411963504079 0.09092134939651514
0.6859355250908198 0.09323189709949291
0.6726166234495703 0.09540297962184117
0.6593850604382495 0.09743884748969898
0.6462414164119045 0.09934356393749957
0.6331862834510237 0.10112101423896892
0.6202202657617758 0.10277491448675298
0.6073439800956417 0.10430881985599827
0.594558056189662 0.10572613238449233
0.5818631372286244 0.10703010829946827
0.5692598803306149 0.10822386491887394
0.5567489570574725 0.10931038715277616
0.5443310539518175 0.1102925336286018
0.5320068731024554 0.11117304246209345
0.5197771327401178 0.11195453669416111
0.5076425678656601 0.11263952941223315
0.4956039309130315 0.11323025067498023
0.4836619924495292 0.11372052838292648
0.47181754191607456 0.1141212006720775
0.4600713884105068 0.11443438616341711
0.4484243615171565 0.11466211282117125
0.4368773121862799 0.11480632154223834
0.4254311136672716 0.11486886951186777
0.41408666249996107 0.11485153333429039
0.4028448795687254 0.11475601194587402
0.3917067112246285 0.11458392931724846
0.3806731304813424 0.11433683694970971
0.36974513829120154 0.11401182553860163
0.3589237649084351 0.11360925879692498
0.3482100713473836 0.11313590608660655
0.3376051509443837 0.11259303186315435
0.32711013103299513 0.111981835842156
0.31672617474336806 0.11130345425579742
0.30645448293783734 0.11055896089150585
0.29629629629629634 0.10974936790538478
0.2862528975665921 0.10887562640075069
0.2763256139971217 0.1079385658488984
0.26651581997104606 0.10692903855362056
0.2568249398641327 0.10585777542561063
0.24725445115124314 0.10472545706735474
0.23780588778999487 0.10353270025259924
0.22848084391422852 0.10228005664009666
0.2192809778747372 0.10096801107141365
0.21020801667040115 0.0995969794037338
0.2012637608196102 0.09816730581873494
0.1924500897298753 0.09667925953669912
0.18376896763311878 0.09513025307031106
0.1752224501656569 0.0935161004482213
0.16681269168581223 0.09184375840499921
0.15854195343901464 0.09011312706960607
0.1504126127009363 0.08832400358655813
0.1424271730546619 0.08647607321125879
0.13458827598943432 0.08456889881076213
0.12689871404788033 0.08260190847189575
0.11936144579814084 0.08057438084939611
0.11197961297015549 0.07848542779898852
0.10475656017578483 0.07633397372862415
0.09769585773645055 0.0741187309579973
0.09080132827787774 0.07183817019219849
0.08407707793119629 0.06949048497686029
0.07752753322022198 0.06707354869213145
0.07115748504132687 0.06458160287212364
0.06497214159251473 0.0620154956164218
0.05897719273950932 0.05937271737466585
0.05317888920840895 0.05664965080030327
0.0475841413101678 0.053842089634811
0.04220064386804796 0.05094218086200272
0.03703703703703704 0.047939358159775035
0.032103117483016586 0.044829030018241844
0.02741012223434215 0.041601524215669004
0.022971120954139848 0.038245213413134485
0.01880157658761704 0.034746122097185216
0.014920180724767605 0.031087571827245555
0.011350166034734717 0.02725013132163856
0.008121517699064341 0.023144659620654408
0.005275080483505995 0.01868979920671174
0.002871390119267481 0.013896479700391534
0.0010151897123830426 0.008152747667906605
0.0 0.0
0.0 0.0
0.0010151897123830426 -0.004313222301694057
0.002871390119267481 -0.006379227046706504
0.005275080483505995 -0.0077032371521498525
0.008121517699064341 -0.0085236345367078
0.011350166034734717 -0.009029688339142585
0.014920180724767605 -0.009280927740149388
0.01880157658761704 -0.009346662094390754
0.022971120954139848 -0.009244089292693831
0.02741012223434215 -0.009023883256765623
0.032103117483016586 -0.00870433868128633
0.03703703703703704 -0.008297769694396844
0.04220064386804796 -0.007821186995976705
0.0475841413101678 -0.0072896895155362415
0.05317888920840895 -0.00671286988652919
0.05897719273950932 -0.006099127959301778
0.06497214159251473 -0.0054558261592267164
0.07115748504132687 -0.00478942561655279
0.07752753322022198 -0.004105604339287807
0.08407707793119629 -0.0034093593146977724
0.09080132827787774 -0.0027050945491374117
0.09769585773645055 -0.0019966969569411466
0.10475656017578483 -0.0012876018198078
0.11197961297015549 -0.000580849323647728
0.11936144579814084 0.00012086652906324782
0.12689871404788033 0.0008151555235655515
0.13458827598943432 0.0014998944129219806
0.1424271730546619 0.002173194876906661
0.1504126127009363 0.002833375584913177
0.15854195343901464 0.0034789377914112045
0.16681269168581223 0.004108543979418467
0.1752224501656569 0.004720999140511226
0.18376896763311878 0.005314893581686045
0.1924500897298753 0.005885480837911722
0.2012637608196102 0.006435600547643658
0.21020801667040115 0.006964526952505894
0.2192809778747372 0.007471613815949535
0.22848084391422852 0.007956285332258832
0.23780588778999487 0.008418028135187577
0.24725445115124314 0.008856384274712834
0.2568249398641327 0.00926725256880851
0.26651581997104606 0.009651146653172045
0.2763256139971217 0.010010390454485887
0.2862528975665921 0.010344747470387144
0.29629629629629634 0.010654012242062676
0.30645448293783734 0.010938007209705055
0.31672617474336806 0.011194347638530895
0.32711013103299513 0.011420244634598897
0.3376051509443837 0.011620528404326902
0.3482100713473836 0.011795164205427216
0.3589237649084351 0.011944134880837814
0.36974513829120154 0.012067439978354756
0.3806731304813424 0.012161428948527921
0.3917067112246285 0.012226489640468905
0.4028448795687254 0.01226623807940908
0.41408666249996107 0.01228078876771796
0.4254311136672716 0.012270271929177696
0.4368773121862799 0.012234834290584706
0.4484243615171565 0.012169010187295303
0.4600713884105068 0.012078171734619348
0.47181754191607456 0.011963417629960069
0.4836619924495292 0.011825020699957799
0.4956039309130315 0.011663277514313971
0.5076425678656601 0.011477610142247689
0.5197771327401178 0.011265056170743363
0.5320068731024554 0.011030789523818182
0.5443310539518175 0.010775272016587761
0.5567489570574725 0.010499004660710756
0.5692598803306149 0.01020253228115213
0.5818631372286244 0.00988598554505616
0.594558056189662 0.00954758733377244
0.6073439800956417 0.009191621308081934
0.6202202657617758 0.008818895343427642
0.6331862834510237 0.008430291800274829
0.6462414164119045 0.008026776455285314
0.6593850604382495 0.007609408544727446
0.6726166234495703 0.007179091254506036
0.6859355250908198 0.006736646174956179
0.6993411963504079 0.006284897107146334
0.712833079195415 0.0058254047243630706
0.7264106262230219 0.00535989018258335
0.7400733003272381 0.0048902553345388814
0.7538205743800791 0.00441860580759462
0.767651930926394 0.003947277434202102
0.7815668618916044 0.003478866621717456
0.7955648683016565 0.003016265369027817
0.8096454600145419 0.002562701786670783
0.8238081554627781 0.002121787162697316
0.8380524814062786 0.001697570848523317
0.852377972695084 0.00129480688117226
0.8667841720414476 0.000918151192785554
0.8812706298008143 0.0005736075880429321
0.8958369037612439 0.00026794398108320977
0.9104825589408702 8.49702380274358e-06
0.9252071673930039 -0.00019621152195354468
0.9400103080185115 -0.0003364248469757466
0.9548915663851267 -0.00040092848926759356
0.9698505345533667 -0.0003767782245898076
0.9848868109087459 -0.0002489651027310966
1.0 0.0
