airfoil_38_0012
1.0 0.0
0.9848868109087459 0.006373796805785881
0.9698505345533667 0.012483503771282687
0.9548915663851267 0.01833723176308006
0.9400103080185115 0.023942815244925263
0.9252071673930039 0.029307821803668865
0.9104825589408702 0.03443956136451132
0.8958369037612439 0.039345095103969
0.8812706298008143 0.044031244068881224
0.8667841720414476 0.048504597509668554
0.852377972695084 0.05277152093593271
0.8380524814062786 0.056838163902352766
0.8238081554627781 0.0607104675326921
0.8096454600145419 0.06439417178958065
0.7955648683016565 0.06789482249757867
0.7815668618916044 0.07121777812686855
0.767651930926394 0.07436821634475096
0.7538205743800791 0.07735114034195298
0.7400733003272381 0.08017138494057957
0.7264106262230219 0.08283362249036294
0.712833079195415 0.0853423685596861
0.6993411963504079 0.08770198742767356
0.6859355250908198 0.08991669738346171
0.6726166234495703 0.09199057583857712
0.6593850604382495 0.09392756425816716
0.6462414164119045 0.09573147291664187
0.6331862834510237 0.09740598548310196
0.6202202657617758 0.09895466344174095
0.6073439800956417 0.10038095035222389
0.594558056189662 0.10168731231155251
0.5818631372286244 0.10287167131243585
0.5692598803306149 0.10394321747226613
0.5567489570574725 0.1049049787830499
0.5443310539518175 0.10575988238405205
0.5320068731024554 0.10651075801228213
0.5197771327401178 0.1071603413178539
0.5076425678656601 0.10771127704760777
0.4956039309130315 0.10816612210015393
0.4836619924495292 0.10852734845525588
0.47181754191607456 0.10879734598022309
0.4600713884105068 0.10897842511571926
0.4484243615171565 0.10907281944311635
0.4368773121862799 0.10908268813522887
0.4254311136672716 0.10900514679015699
0.41408666249996107 0.10884357960290619
0.4028448795687254 0.1086036113945745
0.3917067112246285 0.10828712043351053
0.3806731304813424 0.10789591965769182
0.36974513829120154 0.10743175844068846
0.3589237649084351 0.10689632423672711
0.3482100713473836 0.1062912441026795
0.3376051509443837 0.10561808609402508
0.32711013103299513 0.10487836053095785
0.31672617474336806 0.10407352112979905
0.30645448293783734 0.1031979949860686
0.29629629629629634 0.10225846949598824
0.2862528975665921 0.10125791294658872
0.2763256139971217 0.10019754402314861
0.26651581997104606 0.09907852686847358
0.2568249398641327 0.09790197119023171
0.24725445115124314 0.0966689321480862
0.23780588778999487 0.09538040999853532
0.22848084391422852 0.09403734947116331
0.2192809778747372 0.09264063884496831
0.21020801667040115 0.09118889222655979
0.2012637608196102 0.0896792584697858
0.1924500897298753 0.08811829979768593
0.18376896763311878 0.08650664389849566
0.1752224501656569 0.08484485119374378
0.16681269168581223 0.08313341120906492
0.15854195343901464 0.08137273821508219
0.1504126127009363 0.07956316601551149
0.1424271730546619 0.0777049417331201
0.13458827598943432 0.07579821841112039
0.12689871404788033 0.0738430462061668
0.11936144579814084 0.07183936189695525
0.11197961297015549 0.06978697636634343
0.10475656017578483 0.06768555963075647
0.09769585773645055 0.06553188668532314
0.09080132827787774 0.06332619788404442
0.08407707793119629 0.061069920765020186
0.07752753322022198 0.058762060700581625
0.07115748504132687 0.056401383408416376
0.06497214159251473 0.05398637911543555
0.05897719273950932 0.051515219845934435
0.05317888920840895 0.048985708644486425
0.0475841413101678 0.0463952195841674
0.04220064386804796 0.04374062778213193
0.03703703703703704 0.04101822976586424
0.032103117483016586 0.03821027806159219
0.02741012223434215 0.03531805014700672
0.022971120954139848 0.03233405227454514
0.01880157658761704 0.02924840062407305
0.014920180724767605 0.026049266825486583
0.011350166034734717 0.022722933630237124
0.008121517699064341 0.019208082047769387
0.005275080483505995 0.015425042287201391
0.002871390119267481 0.011396437520940392
0.0010151897123830426 0.006642307016340441
0.0 0.0
0.0 0.0
0.0010151897123830426 -0.003717563921656011
0.002871390119267481 -0.005470581739730361
0.005275080483505995 -0.0065646852270232646
0.008121517699064341 -0.007217782429516841
0.011350166034734717 -0.007598602696152295
0.014920180724767605 -0.007734695404002755
0.01880157658761704 -0.007709306703321754
0.022971120954139848 -0.007532788413493483
0.02741012223434215 -0.007242286732599897
0.032103117483016586 -0.006860718167243674
0.03703703703703704 -0.0064022896431650276
0.04220064386804796 -0.005877252757667691
0.0475841413101678 -0.005298775357045095
0.05317888920840895 -0.004677734368392918
0.05897719273950932 -0.004021804576085078
0.06497214159251473 -0.0033377498352638647
0.07115748504132687 -0.002631540236568482
0.07752753322022198 -0.0019084538967881954
0.08407707793119629 -0.001173165023837115
0.09080132827787774 -0.0004298199862546659
0.09769585773645055 0.000317896979435924
0.10475656017578483 0.0010667069577089635
0.11197961297015549 0.0018136871590761347
0.11936144579814084 0.0025562282398338097
0.12689871404788033 0.003291997197154777
0.13458827598943432 0.0040189050419573
0.1424271730546619 0.004735078573752916
0.1504126127009363 0.005438835685089014
0.15854195343901464 0.006128663710478335
0.16681269168581223 0.006803200408123319
0.1752224501656569 0.007461217224420896
0.18376896763311878 0.008098890542777985
0.1924500897298753 0.008716470154940212
0.2012637608196102 0.009314101951120654
0.21020801667040115 0.009890996551660775
0.2192809778747372 0.010446441461340323
0.22848084391422852 0.010979792718528957
0.23780588778999487 0.011490467513060322
0.24725445115124314 0.011977937659389022
0.2568249398641327 0.012438166958914414
0.26651581997104606 0.012871705160374905
0.2763256139971217 0.013280534115074741
0.2862528975665921 0.01366433795211359
0.29629629629629634 0.014022832423624773
0.30645448293783734 0.014355761809136868
0.31672617474336806 0.01466289622794763
0.32711013103299513 0.014937315006713197
0.3376051509443837 0.015185387931179177
0.3482100713473836 0.01540713545367354
0.3589237649084351 0.015602455979086709
0.36974513829120154 0.015771264708688504
0.3806731304813424 0.015913492797979815
0.3917067112246285 0.016022890334373117
0.4028448795687254 0.016105011789032658
0.41408666249996107 0.016160637822501378
0.4254311136672716 0.016189802072136193
0.4368773121862799 0.016192552690543358
0.4484243615171565 0.016168952870296308
0.4600713884105068 0.016112850193934346
0.47181754191607456 0.01603069900870374
0.4836619924495292 0.015922847397808526
0.4956039309130315 0.01578946680163599
0.5076425678656601 0.015630748908395973
0.5197771327401178 0.015446907591062485
0.5320068731024554 0.015233077974718123
0.5443310539518175 0.014994836612918016
0.5567489570574725 0.014732763889756334
0.5692598803306149 0.014447220066651102
0.5818631372286244 0.014138600842919177
0.594558056189662 0.013807341321658688
0.6073439800956417 0.013451960128166216
0.6202202657617758 0.013073507481228286
0.6331862834510237 0.012674577263431805
0.6462414164119045 0.012255833548573224
0.6593850604382495 0.011818005751555491
0.6726166234495703 0.011361896198527264
0.6859355250908198 0.010888388623643573
0.6993411963504079 0.010398457724486856
0.712833079195415 0.009891942520393543
0.7264106262230219 0.009371580672722117
0.7400733003272381 0.008838927933881836
0.7538205743800791 0.008295432823354662
0.767651930926394 0.007742697828074912
0.7815668618916044 0.007182498518596034
0.7955648683016565 0.0066168053695017815
0.8096454600145419 0.006047808743427431
0.8238081554627781 0.005477947589763015
0.8380524814062786 0.00490994252188933
0.852377972695084 0.004346834076175412
0.8667841720414476 0.0037920271291088004
0.8812706298008143 0.0032493426651802656
0.8958369037612439 0.0027230783597750655
0.9104825589408702 0.0022180797845551105
0.9252071673930039 0.0017398244792615695
0.9400103080185115 0.001294521692530784
0.9548915663851267 0.0008892313144506295
0.9698505345533667 0.00053200645877072
0.9848868109087459 0.00023206537672565533
1.0 0.0
