airfoil_42_0015
1.0 0.0
0.9848868109087459 0.005514340284202216
0.9698505345533667 0.010857364976658665
0.9548915663851267 0.016030491087008963
0.9400103080185115 0.021035227307068048
0.9252071673930039 0.025873169121794607
0.9104825589408702 0.0305459938351468
0.8958369037612439 0.035055455534835356
0.8812706298008143 0.039403380019142974
0.8667841720414476 0.043591659708015366
0.852377972695084 0.04762224855957265
0.8380524814062786 0.05149715701203978
0.8238081554627781 0.0552184469698798
0.8096454600145419 0.05878822685164198
0.7955648683016565 0.06220864671572156
0.7815668618916044 0.06548189347889001
0.767651930926394 0.06861018624109654
0.7538205743800791 0.0715957717286862
0.7400733003272381 0.07444091986682927
0.7264106262230219 0.07714791949062562
0.712833079195415 0.07971907420304641
0.6993411963504079 0.08215669838660547
0.6859355250908198 0.08446097359198126
0.6726166234495703 0.08663606710778321
0.6593850604382495 0.0886844039694899
0.6462414164119045 0.09060831077371582
0.6331862834510237 0.09241010779298423
0.6202202657617758 0.09409210590490291
0.6073439800956417 0.09565660369229091
0.594558056189662 0.0971058847132055
0.5818631372286244 0.09844221493901781
0.5692598803306149 0.09966784035794579
0.5567489570574725 0.1007849847407769
0.5443310539518175 0.10179584756489331
0.5320068731024554 0.10270260209215233
0.5197771327401178 0.10350739359566731
0.5076425678656601 0.1042123377300782
0.4956039309130315 0.10481951903949063
0.4836619924495292 0.1053309895968961
0.47181754191607456 0.1057487677685563
0.4600713884105068 0.10607483709653828
0.4484243615171565 0.10631114529231862
0.4368773121862799 0.10645960333412764
0.4254311136672716 0.10652208466047326
0.41408666249996107 0.10650042445206148
0.4028448795687254 0.10639333885502954
0.3917067112246285 0.10620246030928598
0.3806731304813424 0.10593266015377667
0.36974513829120154 0.10558561344583288
0.3589237649084351 0.1051629532362371
0.3482100713473836 0.10466627013877698
0.3376051509443837 0.10409711192323144
0.32711013103299513 0.10345698312065785
0.31672617474336806 0.10274734462915906
0.30645448293783734 0.1019696133074831
0.29629629629629634 0.10112516154281717
0.2862528975665921 0.10021531677794471
0.2763256139971217 0.0992413609814962
0.26651581997104606 0.09820420605414254
0.2568249398641327 0.09709851692607772
0.24725445115124314 0.09593223148316561
0.23780588778999487 0.0947064288264867
0.22848084391422852 0.0934221367443097
0.2192809778747372 0.09208033030428778
0.21020801667040115 0.09068193019509203
0.2012637608196102 0.08922780077119687
0.1924500897298753 0.08771874774639188
0.18376896763311878 0.08615551547158404
0.1752224501656569 0.08453878372008833
0.16681269168581223 0.08286916388826268
0.15854195343901464 0.08114719450021021
0.1504126127009363 0.07937119461849176
0.1424271730546619 0.07753881926240332
0.13458827598943432 0.07565515872622389
0.12689871404788033 0.07372038954849579
0.11936144579814084 0.07173457945151655
0.11197961297015549 0.06969767564340622
0.10475656017578483 0.06760949084349024
0.09769585773645055 0.06546968652690166
0.09080132827787774 0.06327775275393388
0.08407707793119629 0.06103298378112821
0.07752753322022198 0.05873444843243116
0.07115748504132687 0.0563809539245752
0.06497214159251473 0.053971001471720265
0.05897719273950932 0.051502731517359825
0.05317888920840895 0.048973855832840224
0.0475841413101678 0.04638157296646526
0.04220064386804796 0.043722462644153665
0.03703703703703704 0.04099235383143805
0.032103117483016586 0.03818616065559033
0.02741012223434215 0.03529768134646683
0.022971120954139848 0.03231936072282091
0.01880157658761704 0.02924203446329658
0.014920180724767605 0.026054725577870055
0.011350166034734717 0.0227020766088908
0.008121517699064341 0.01915660148149831
0.005275080483505995 0.015406377701841457
0.002871390119267481 0.011356847120279727
0.0010151897123830426 0.006635585167663398
0.0 0.0
0.0 0.0
0.0010151897123830426 -0.0035302984194838316
0.002871390119267481 -0.005097224510903929
0.005275080483505995 -0.005984856630849464
0.008121517699064341 -0.006457607920450193
0.011350166034734717 -0.006617186243130039
0.014920180724767605 -0.006571071307397985
0.01880157658761704 -0.006349635067670496
0.022971120954139848 -0.006004518851822833
0.02741012223434215 -0.0055463469221140455
0.032103117483016586 -0.005006115383978504
0.03703703703703704 -0.004399514961047209
0.04220064386804796 -0.003738457826185642
0.0475841413101678 -0.0030326084416581454
0.05317888920840895 -0.0022928554086596464
0.05897719273950932 -0.0015269174186577938
0.06497214159251473 -0.0007412174594312181
0.07115748504132687 5.860893782381717e-05
0.07752753322022198 0.0008676120619839252
0.08407707793119629 0.0016814398704715272
0.09080132827787774 0.0024962616862559215
0.09769585773645055 0.003308702183781897
0.10475656017578483 0.004115784251100889
0.11197961297015549 0.004914879483492191
0.11936144579814084 0.00570366522923816
0.12689871404788033 0.006480087260280729
0.13458827598943432 0.007242327275318823
0.1424271730546619 0.007988774559981556
0.1504126127009363 0.00871800122910908
0.15854195343901464 0.00942874056163168
0.16681269168581223 0.010119868010974822
0.1752224501656569 0.010790384535187738
0.18376896763311878 0.011439401942780935
0.1924500897298753 0.012063823295010554
0.2012637608196102 0.012662750448967844
0.21020801667040115 0.013237679382155816
0.2192809778747372 0.01378808928950043
0.22848084391422852 0.01431352038137578
0.23780588778999487 0.014813566688873715
0.24725445115124314 0.015287869725517211
0.2568249398641327 0.015736112904678322
0.26651581997104606 0.016153502426396526
0.2763256139971217 0.016542057317579306
0.2862528975665921 0.016903664921166836
0.29629629629629634 0.017238177367814175
0.30645448293783734 0.017545469083490344
0.31672617474336806 0.01782543424258346
0.32711013103299513 0.01807586419280987
0.3376051509443837 0.018293505647727006
0.3482100713473836 0.018483638122030886
0.3589237649084351 0.018646259897647007
0.36974513829120154 0.018781380388672716
0.3806731304813424 0.018889019343184484
0.3917067112246285 0.018965985134080363
0.4028448795687254 0.019011366792750808
0.41408666249996107 0.019029598378600323
0.4254311136672716 0.01902077857905453
0.4368773121862799 0.01898501488265145
0.4484243615171565 0.018922424003513492
0.4600713884105068 0.018827685362718574
0.47181754191607456 0.01870514028408983
0.4836619924495292 0.01855655936870978
0.4956039309130315 0.018382142051110106
0.5076425678656601 0.01818210131675604
0.5197771327401178 0.01795592987256331
0.5320068731024554 0.017699444657650137
0.5443310539518175 0.01741855784700315
0.5567489570574725 0.017113589002159046
0.5692598803306149 0.016784881022432637
0.5818631372286244 0.01643280308431524
0.594558056189662 0.016056718107194792
0.6073439800956417 0.01565478332252829
0.6202202657617758 0.015231368339145509
0.6331862834510237 0.014787010569705706
0.6462414164119045 0.01432229300837476
0.6593850604382495 0.013837849775951955
0.6726166234495703 0.013334372314738961
0.6859355250908198 0.012810850165532111
0.6993411963504079 0.012269586715003456
0.712833079195415 0.01171241921713955
0.7264106262230219 0.011140355197240479
0.7400733003272381 0.010554500296812076
0.7538205743800791 0.009956070296873488
0.767651930926394 0.00934640473225372
0.7815668618916044 0.00872698235132625
0.7955648683016565 0.008099412737681201
0.8096454600145419 0.007465571074458138
0.8238081554627781 0.0068278676135657135
0.8380524814062786 0.006188490358995051
0.852377972695084 0.005549870849355629
0.8667841720414476 0.0049147170081185725
0.8812706298008143 0.004286051191320603
0.8958369037612439 0.00366725442493972
0.9104825589408702 0.0030621180466257687
0.9252071673930039 0.002474904246659788
0.9400103080185115 0.0019104173580605482
0.9548915663851267 0.0013740881985561954
0.9698505345533667 0.0008720743485468399
0.9848868109087459 0.0004113800011111755
1.0 0.0
