airfoil_42_0005
1.0 0.0
0.9848868109087459 0.00620278845960429
0.9698505345533667 0.012157070143684248
0.9548915663851267 0.017870568214582692
0.9400103080185115 0.02335072126520187
0.9252071673930039 0.028604694199895822
0.9104825589408702 0.03363938869490535
0.8958369037612439 0.03846145325380207
0.8812706298008143 0.04307729287291768
0.8667841720414476 0.04749307833124597
0.852377972695084 0.0517147551188261
0.8380524814062786 0.05574805201713966
0.8238081554627781 0.05959848934458648
0.8096454600145419 0.0632713868796474
0.7955648683016565 0.0667718714738874
0.7815668618916044 0.07010488436651693
0.767651930926394 0.07327518821179134
0.7538205743800791 0.07628737383011086
0.7400733003272381 0.0791458666932688
0.7264106262230219 0.08185493315389296
0.712833079195415 0.0844186864287345
0.6993411963504079 0.08684109234507238
0.6859355250908198 0.08912597485913076
0.6726166234495703 0.09127702135504093
0.6593850604382495 0.09329778773252441
0.6462414164119045 0.09519170329112756
0.6331862834510237 0.09696207541849891
0.6202202657617758 0.09861209408987129
0.6073439800956417 0.1001448361855854
0.594558056189662 0.10156326963317716
0.5818631372286244 0.10287025738023796
0.5692598803306149 0.10406856120395397
0.5567489570574725 0.10516084536292854
0.5443310539518175 0.10614968009659427
0.5320068731024554 0.1070375449772281
0.5197771327401178 0.1078268321192886
0.5076425678656601 0.10851984925050315
0.4956039309130315 0.10911882264883835
0.4836619924495292 0.10962589994919254
0.47181754191607456 0.1100431528233482
0.4600713884105068 0.11036533467673801
0.4484243615171565 0.11060068122831608
0.4368773121862799 0.11075190973852751
0.4254311136672716 0.11082081201218487
0.41408666249996107 0.11080911372698964
0.4028448795687254 0.11071847639851241
0.3917067112246285 0.11055049922531196
0.3806731304813424 0.1103067208141987
0.36974513829120154 0.10998862078506207
0.3589237649084351 0.10959762125403213
0.3482100713473836 0.10913508819302335
0.3376051509443837 0.10859416851155589
0.32711013103299513 0.10798308069906569
0.31672617474336806 0.10730416589132646
0.30645448293783734 0.10655856073725258
0.29629629629629634 0.1057473486926705
0.2862528975665921 0.10487156045545022
0.2763256139971217 0.1039321742179551
0.26651581997104606 0.10293011572206531
0.2568249398641327 0.10186625809915467
0.24725445115124314 0.10074081586463868
0.23780588778999487 0.09954603844467812
0.22848084391422852 0.09829165494058593
0.2192809778747372 0.0969782972990261
0.21020801667040115 0.09560653815258197
0.2012637608196102 0.09417688867226924
0.1924500897298753 0.09268979593195925
0.18376896763311878 0.09114563971139616
0.1752224501656569 0.08954472864936039
0.16681269168581223 0.08788729563984836
0.15854195343901464 0.08617349234093784
0.1504126127009363 0.08439639269927936
0.1424271730546619 0.08256057321110553
0.13458827598943432 0.08066816767305374
0.12689871404788033 0.07871891472582983
0.11936144579814084 0.07671242761055222
0.11197961297015549 0.07464817971916196
0.10475656017578483 0.07252548736374519
0.09769585773645055 0.07034348915832661
0.09080132827787774 0.06810112124912474
0.08407707793119629 0.06579708742542562
0.07752753322022198 0.06342982287850807
0.07115748504132687 0.060997450031368125
0.06497214159251473 0.05849772441307677
0.05897719273950932 0.055927967969079166
0.05317888920840895 0.05328498645080189
0.0475841413101678 0.05056496659005612
0.04220064386804796 0.04776334764630339
0.03703703703703704 0.0448746607360218
0.032103117483016586 0.04189232852670864
0.02741012223434215 0.03880841859864834
0.022971120954139848 0.035613349313298584
0.01880157658761704 0.032295566286917245
0.014920180724767605 0.028841265531833013
0.011350166034734717 0.02523247346905917
0.008121517699064341 0.02134365842881075
0.005275080483505995 0.017203723069452417
0.002871390119267481 0.012757386146505595
0.0010151897123830426 0.00745875389667441
0.0 0.0
0.0 0.0
0.0010151897123830426 -0.00415486231952136
0.002871390119267481 -0.006124237641573461
0.005275080483505995 -0.00736953244407276
0.008121517699064341 -0.008143076597529988
0.011350166034734717 -0.008601909561631082
0.014920180724767605 -0.008831646674990406
0.01880157658761704 -0.008878120513699607
0.022971120954139848 -0.008777578468975427
0.02741012223434215 -0.00856906445556295
0.032103117483016586 -0.008269803894437447
0.03703703703703704 -0.007890811208220876
0.04220064386804796 -0.0074542358181599565
0.0475841413101678 -0.006970641816477357
0.05317888920840895 -0.006449219883712191
0.05897719273950932 -0.005897967576384199
0.06497214159251473 -0.005323848968212773
0.07115748504132687 -0.004732933790635408
0.07752753322022198 -0.004130517695155924
0.08407707793119629 -0.0035212257682544455
0.09080132827787774 -0.0029091014835009
0.09769585773645055 -0.0022976831287408466
0.10475656017578483 -0.0016900695236182449
0.11197961297015549 -0.0010889766045276473
0.11936144579814084 -0.0004967862279807059
0.12689871404788033 8.441165946805992e-05
0.13458827598943432 0.0006527825130827221
0.1424271730546619 0.0012067155228453934
0.1504126127009363 0.0017447960943666762
0.15854195343901464 0.002265781892264669
0.16681269168581223 0.0027685819506591404
0.1752224501656569 0.003252238431023173
0.18376896763311878 0.0037159106710092818
0.1924500897298753 0.004155406743546513
0.2012637608196102 0.0045720185218886215
0.21020801667040115 0.004966362729702472
0.2192809778747372 0.005337997782903671
0.22848084391422852 0.0056865458098257
0.23780588778999487 0.00601168514389033
0.24725445115124314 0.006313143774111025
0.2568249398641327 0.006586994908923451
0.26651581997104606 0.006834082003252347
0.2763256139971217 0.007056846449109245
0.2862528975665921 0.007255225412919747
0.29629629629629634 0.007429183605048419
0.30645448293783734 0.00757871059830503
0.31672617474336806 0.007700241030119661
0.32711013103299513 0.007794280215224163
0.3376051509443837 0.007864154067864906
0.3482100713473836 0.007909993480016675
0.3589237649084351 0.007931946374900243
0.36974513829120154 0.007930177345596357
0.3806731304813424 0.007899045049953046
0.3917067112246285 0.00784426742855838
0.4028448795687254 0.007766767489244211
0.41408666249996107 0.007666836417160731
0.4254311136672716 0.0075447842419945794
0.4368773121862799 0.0073985058975029275
0.4484243615171565 0.007227923195519867
0.4600713884105068 0.007036846454570553
0.47181754191607456 0.006825733076138695
0.4836619924495292 0.006595069479581542
0.4956039309130315 0.006345374378301434
0.5076425678656601 0.006073473640335194
0.5197771327401178 0.005783980877115506
0.5320068731024554 0.005477996424518431
0.5443310539518175 0.005156257076703773
0.5567489570574725 0.004819554649375146
0.5692598803306149 0.004468495191437115
0.5818631372286244 0.0041024529872948495
0.594558056189662 0.0037250497210859572
0.6073439800956417 0.003337406051919749
0.6202202657617758 0.002940736969164976
0.6331862834510237 0.0025363631258562627
0.6462414164119045 0.002125723599578825
0.6593850604382495 0.001710435776368458
0.6726166234495703 0.0012928487575037866
0.6859355250908198 0.0008750023832389397
0.6993411963504079 0.00045897257958997674
0.712833079195415 4.7040006876732674e-05
0.7264106262230219 -0.0003582839231916905
0.7400733003272381 -0.0007542272702320187
0.7538205743800791 -0.001137723371777646
0.767651930926394 -0.0015053714435212331
0.7815668618916044 -0.0018530677168258785
0.7955648683016565 -0.0021751524753651163
0.8096454600145419 -0.002468573997347965
0.8238081554627781 -0.0027282312144239155
0.8380524814062786 -0.002948412691616571
0.852377972695084 -0.0031227053436876815
0.8667841720414476 -0.0032438866611285626
0.8812706298008143 -0.0033037968505934137
0.8958369037612439 -0.0032931863702684964
0.9104825589408702 -0.0032015331401387625
0.9252071673930039 -0.0030112264291578834
0.9400103080185115 -0.0027077275884407133
0.9548915663851267 -0.002276380308544633
0.9698505345533667 -0.0016974067233653147
0.9848868109087459 -0.0009476803828803652
1.0 0.0
