airfoil_42_0016
1.0 0.0
0.9848868109087459 0.005110724242171553
0.9698505345533667 0.010092128738026318
0.9548915663851267 0.01494361065095168
0.9400103080185115 0.019664683620573317
0.9252071673930039 0.0242549791354957
0.9104825589408702 0.02871424734521154
0.8958369037612439 0.03304235731288078
0.8812706298008143 0.03723929671535916
0.8667841720414476 0.0413051710013684
0.852377972695084 0.04524020202299912
0.8380524814062786 0.04904472615975821
0.8238081554627781 0.05271919195807896
0.8096454600145419 0.056264157312559036
0.7955648683016565 0.059680286218146805
0.7815668618916044 0.06296834512503909
0.767651930926394 0.06612919893016003
0.7538205743800791 0.06916380664075872
0.7400733003272381 0.0720732167468837
0.7264106262230219 0.0748585623402755
0.712833079195415 0.07752105601757375
0.6993411963504079 0.08006198460567832
0.6859355250908198 0.08248270374666199
0.6726166234495703 0.08478463237882686
0.6593850604382495 0.08696924714936495
0.6462414164119045 0.08903807679265142
0.6331862834510237 0.09099269650651086
0.6202202657617758 0.09283472235688264
0.6073439800956417 0.09456580573921035
0.594558056189662 0.09618762792263241
0.5818631372286244 0.09770189470068623
0.5692598803306149 0.09911033116979688
0.5567489570574725 0.10041467665433274
0.5443310539518175 0.10161667979450406
0.5320068731024554 0.1027180938108872
0.5197771327401178 0.10372067195689672
0.5076425678656601 0.10462616316812476
0.4956039309130315 0.10543630791513757
0.4836619924495292 0.10615283426407884
0.47181754191607456 0.1067774541472891
0.4600713884105068 0.10731185984411715
0.4484243615171565 0.10775772067018098
0.4368773121862799 0.10811667987152958
0.4254311136672716 0.10839035171846537
0.41408666249996107 0.10858031879220548
0.4028448795687254 0.10868812945607888
0.3917067112246285 0.10871529550157032
0.3806731304813424 0.10866328995821532
0.36974513829120154 0.10853354505510981
0.3589237649084351 0.10832596249339588
0.3482100713473836 0.1080402585879275
0.3376051509443837 0.1076806904045297
0.32711013103299513 0.10724850060624426
0.31672617474336806 0.10674488108129475
0.30645448293783734 0.10617097135775312
0.29629629629629634 0.10552785704414606
0.2862528975665921 0.10481656827176182
0.2763256139971217 0.10403807811227508
0.26651581997104606 0.10319330094181706
0.2568249398641327 0.10228309071968658
0.24725445115124314 0.10130823914641257
0.23780588778999487 0.10026947366170184
0.22848084391422852 0.09916745523776752
0.2192809778747372 0.09800277591741872
0.21020801667040115 0.09677595603883854
0.2012637608196102 0.09548244639851602
0.1924500897298753 0.09412549062731211
0.18376896763311878 0.0927071924549833
0.1752224501656569 0.09122771772097084
0.16681269168581223 0.08968713661040657
0.15854195343901464 0.08808541700810996
0.1504126127009363 0.08642241672897087
0.1424271730546619 0.08469787440028341
0.13458827598943432 0.08291139872103177
0.12689871404788033 0.08106245575862385
0.11936144579814084 0.07915035386070186
0.11197961297015549 0.07717422565241772
0.10475656017578483 0.0751330064496717
0.09769585773645055 0.07302540823480193
0.09080132827787774 0.07084988809700049
0.08407707793119629 0.06859983614954217
0.07752753322022198 0.06627579292570404
0.07115748504132687 0.06387740465500744
0.06497214159251473 0.06140177831311311
0.05897719273950932 0.05884551929292363
0.05317888920840895 0.056204638645573825
0.0475841413101678 0.05347443762092002
0.04220064386804796 0.0506493633390585
0.03703703703703704 0.04772282797767396
0.032103117483016586 0.04468698266777163
0.02741012223434215 0.041532437527861135
0.022971120954139848 0.03824792421697491
0.01880157658761704 0.034793118682017087
0.014920180724767605 0.03115517949763512
0.011350166034734717 0.027310344545547167
0.008121517699064341 0.023222034774945447
0.005275080483505995 0.01884550846736591
0.002871390119267481 0.013940242119257979
0.0010151897123830426 0.008269963440416788
0.0 0.0
0.0 0.0
0.0010151897123830426 -0.004229326093191722
0.002871390119267481 -0.006135324141464081
0.005275080483505995 -0.007236821870311102
0.008121517699064341 -0.007857156540072366
0.011350166034734717 -0.008139255264649956
0.014920180724767605 -0.008167656178716972
0.01880157658761704 -0.008015522844575799
0.022971120954139848 -0.0077161694401170575
0.02741012223434215 -0.007297689014665967
0.032103117483016586 -0.006791174376499109
0.03703703703703704 -0.006212274031128441
0.04220064386804796 -0.005572229119546775
0.0475841413101678 -0.004886910684730545
0.05317888920840895 -0.004166282472391622
0.05897719273950932 -0.0034184644467742382
0.06497214159251473 -0.0026505228385016134
0.07115748504132687 -0.0018686104202368494
0.07752753322022198 -0.001078088380146134
0.08407707793119629 -0.0002836316930072372
0.09080132827787774 0.0005106799903180897
0.09769585773645055 0.001301284006218515
0.10475656017578483 0.0020850671470246827
0.11197961297015549 0.0028593073963739763
0.11936144579814084 0.0036216235984810694
0.12689871404788033 0.004369931918002057
0.13458827598943432 0.005102408115146743
0.1424271730546619 0.005817454806455781
0.1504126127009363 0.006513673006544566
0.15854195343901464 0.007189837352297477
0.16681269168581223 0.007844874500876564
0.1752224501656569 0.008477844268816398
0.18376896763311878 0.009087923143528433
0.1924500897298753 0.00967266110860542
0.2012637608196102 0.010229375982980782
0.21020801667040115 0.010760904778230265
0.2192809778747372 0.011266813458978812
0.22848084391422852 0.011746729246571299
0.23780588778999487 0.012200332833936886
0.24725445115124314 0.012627351581155664
0.2568249398641327 0.013026807766970632
0.26651581997104606 0.013392698752928709
0.2763256139971217 0.013731273214610791
0.2862528975665921 0.014042449081535506
0.29629629629629634 0.014326167529115698
0.30645448293783734 0.014582390052754364
0.31672617474336806 0.014810592833457486
0.32711013103299513 0.01500382912504119
0.3376051509443837 0.015169642256206017
0.3482100713473836 0.015308109085634578
0.3589237649084351 0.015419317299012079
0.36974513829120154 0.015503364662190187
0.3806731304813424 0.015556388861189839
0.3917067112246285 0.01557872444285519
0.4028448795687254 0.01557456271238226
0.41408666249996107 0.015544091522981121
0.4254311136672716 0.01548750821840169
0.4368773121862799 0.015404040724968716
0.4484243615171565 0.01528874906411218
0.4600713884105068 0.015148474115613389
0.47181754191607456 0.01498351019334672
0.4836619924495292 0.014794166810769949
0.4956039309130315 0.014580770759289818
0.5076425678656601 0.014339000159248858
0.5197771327401178 0.014073050653876294
0.5320068731024554 0.013784810069248499
0.5443310539518175 0.013474744785910955
0.5567489570574725 0.01314335298436644
0.5692598803306149 0.012790138440775527
0.5818631372286244 0.01241359999925656
0.594558056189662 0.012018214707836847
0.6073439800956417 0.0116046914512346
0.6202202657617758 0.011173796341746589
0.6331862834510237 0.010726359993985761
0.6462414164119045 0.01026282036020859
0.6593850604382495 0.009783109816681804
0.6726166234495703 0.00929063057537896
0.6859355250908198 0.00878658184999455
0.6993411963504079 0.008272276131516813
0.712833079195415 0.007749153530664491
0.7264106262230219 0.007218798055748064
0.7400733003272381 0.006682956143703763
0.7538205743800791 0.006143841652862848
0.767651930926394 0.00560397288209353
0.7815668618916044 0.005065687208787408
0.7955648683016565 0.004531578244189001
0.8096454600145419 0.004004529528285437
0.8238081554627781 0.003487754783379769
0.8380524814062786 0.0029848447152160834
0.852377972695084 0.0024998216493881836
0.8667841720414476 0.0020372035883353336
0.8812706298008143 0.0016020796514454234
0.8958369037612439 0.0012001993420656743
0.9104825589408702 0.000838078703470968
0.9252071673930039 0.0005231272257913953
0.9400103080185115 0.00026380040889354594
0.9548915663851267 6.978425715876783e-05
0.9698505345533667 -4.7780200263602197e-05
0.9848868109087459 -7.602183804218802e-05
1.0 0.0
