airfoil_7_0010
1.0 0.0
0.9848868109087459 0.005548227654268988
0.9698505345533667 0.010955387719694685
0.9548915663851267 0.016220807235743102
0.9400103080185115 0.021343928215431178
0.9252071673930039 0.0263243080393332
0.9104825589408702 0.031161619439477786
0.8958369037612439 0.03585565008280614
0.8812706298008143 0.04040630176617216
0.8667841720414476 0.04481358923699778
0.852377972695084 0.04907763865564599
0.8380524814062786 0.053198685717312955
0.8238081554627781 0.05717707345277468
0.8096454600145419 0.061013249728634124
0.7955648683016565 0.06470776446880454
0.7815668618916044 0.06826126661983341
0.767651930926394 0.07167450088331516
0.7538205743800791 0.07494830423907382
0.7400733003272381 0.07808360228301463
0.7264106262230219 0.0810814054035658
0.712833079195415 0.08394280482046246
0.6993411963504079 0.08666896850927654
0.6859355250908198 0.08926113703458878
0.6726166234495703 0.091720619314037
0.6593850604382495 0.09404878833468354
0.6462414164119045 0.09624707684223112
0.6331862834510237 0.09831697302260255
0.6202202657617758 0.1002600161942985
0.6073439800956417 0.10207779252877287
0.594558056189662 0.10377193081483709
0.5818631372286244 0.10534409828183017
0.5692598803306149 0.10679599649499198
0.5567489570574725 0.10812935733515704
0.5443310539518175 0.10934593907356445
0.5320068731024554 0.11044752255126114
0.5197771327401178 0.11143376281729327
0.5076425678656601 0.1123060247768553
0.4956039309130315 0.11306863930710777
0.4836619924495292 0.11372344374401903
0.47181754191607456 0.11427228070793909
0.4600713884105068 0.11471699496105447
0.4484243615171565 0.11505943039904683
0.4368773121862799 0.11530142717709806
0.4254311136672716 0.11544481896931522
0.41408666249996107 0.11549143035961393
0.4028448795687254 0.11544307436109814
0.3917067112246285 0.11530155006000063
0.3806731304813424 0.11506864037929566
0.36974513829120154 0.11474610995615496
0.3589237649084351 0.11433570312647888
0.3482100713473836 0.11383914200878507
0.3376051509443837 0.11325812467875986
0.32711013103299513 0.11259432342475771
0.31672617474336806 0.1118493830734469
0.30645448293783734 0.11101939672553744
0.29629629629629634 0.11011036822566624
0.2862528975665921 0.10912491039265576
0.2763256139971217 0.10806453723328285
0.26651581997104606 0.1069307262034284
0.2568249398641327 0.10572491657207618
0.24725445115124314 0.10444850773458428
0.23780588778999487 0.10310285744855116
0.22848084391422852 0.10168927996187033
0.2192809778747372 0.10020904399809032
0.21020801667040115 0.09866337055878721
0.2012637608196102 0.09705343049608388
0.1924500897298753 0.09538034180042033
0.18376896763311878 0.09364516653881792
0.1752224501656569 0.09184849388564195
0.16681269168581223 0.08998533514362525
0.15854195343901464 0.08806288102022924
0.1504126127009363 0.08608192209868169
0.1424271730546619 0.08404316985217972
0.13458827598943432 0.08194724972667516
0.12689871404788033 0.079794693012623
0.11936144579814084 0.07758592724813547
0.11197961297015549 0.07532126483521244
0.10475656017578483 0.07300088947324963
0.09769585773645055 0.07062483991479344
0.09080132827787774 0.06819299042082652
0.08407707793119629 0.06570502712792829
0.07752753322022198 0.06316041932597302
0.07115748504132687 0.060558384367874314
0.06497214159251473 0.05789784457401814
0.05897719273950932 0.05517737403242723
0.05317888920840895 0.052395132611091494
0.0475841413101678 0.049548783782352
0.04220064386804796 0.04663539204132063
0.03703703703703704 0.0436512949226676
0.032103117483016586 0.04059194431556132
0.02741012223434215 0.03745171312907774
0.022971120954139848 0.034223669513388386
0.01880157658761704 0.030899340212180812
0.014920180724767605 0.02746854053000415
0.011350166034734717 0.023878074023095205
0.008121517699064341 0.020095233999599164
0.005275080483505995 0.016113456388163798
0.002871390119267481 0.011838695470341897
0.0010151897123830426 0.006890381252919523
0.0 0.0
0.0 0.0
0.0010151897123830426 -0.0033625388807442696
0.002871390119267481 -0.004903522062719886
0.005275080483505995 -0.0058285509768591336
0.008121517699064341 -0.006354521478053562
0.011350166034734717 -0.006631035302390453
0.014920180724767605 -0.0066786249298005996
0.01880157658761704 -0.006579824507390111
0.022971120954139848 -0.0063523345114908395
0.02741012223434215 -0.0060168183469577075
0.032103117483016586 -0.005600777132992451
0.03703703703703704 -0.005117421020072316
0.04220064386804796 -0.004578189786897432
0.0475841413101678 -0.0039928178965678495
0.05317888920840895 -0.0033697369675926153
0.05897719273950932 -0.0027176485223363925
0.06497214159251473 -0.002042677952118067
0.07115748504132687 -0.0013502051111717013
0.07752753322022198 -0.0006449635813133242
0.08407707793119629 6.887397619494376e-05
0.09080132827787774 0.0007876224891245748
0.09769585773645055 0.001508021437968773
0.10475656017578483 0.002227180599066743
0.11197961297015549 0.0029425332618798934
0.11936144579814084 0.0036517958089519044
0.12689871404788033 0.004352932717866215
0.13458827598943432 0.005043459552893223
0.1424271730546619 0.0057203455343679075
0.1504126127009363 0.00638368621405366
0.15854195343901464 0.00703219301688969
0.16681269168581223 0.007664712978122194
0.1752224501656569 0.00828021234471794
0.18376896763311878 0.00887776223777272
0.1924500897298753 0.00945652609659045
0.2012637608196102 0.010015748667615742
0.21020801667040115 0.010553029233685503
0.2192809778747372 0.011065437607390956
0.22848084391422852 0.011556109483201824
0.23780588778999487 0.012024576181384732
0.24725445115124314 0.012470412394590217
0.2568249398641327 0.012893230970654868
0.26651581997104606 0.01329267834604446
0.2763256139971217 0.01366338974491149
0.2862528975665921 0.014008067107952266
0.29629629629629634 0.014328379312644681
0.30645448293783734 0.014624120518357243
0.31672617474336806 0.014895102419928235
0.32711013103299513 0.015141152362630028
0.3376051509443837 0.015355713268583034
0.3482100713473836 0.015544012826616625
0.3589237649084351 0.01570703762269786
0.36974513829120154 0.015844710801828837
0.3806731304813424 0.01595696516721423
0.3917067112246285 0.016041694112302413
0.4028448795687254 0.016095672858822862
0.41408666249996107 0.0161243235122587
0.4254311136672716 0.0161276603219581
0.4368773121862799 0.016105707185473956
0.4484243615171565 0.016058498490005506
0.4600713884105068 0.015981068322757027
0.47181754191607456 0.015877111723181896
0.4836619924495292 0.01574847990725259
0.4956039309130315 0.015595300532540435
0.5076425678656601 0.015417718520934228
0.5197771327401178 0.01521561109803332
0.5320068731024554 0.014984283237478543
0.5443310539518175 0.014729618237588483
0.5567489570574725 0.014451889338839145
0.5692598803306149 0.014151400972212045
0.5818631372286244 0.013828492966487969
0.594558056189662 0.013483545273923096
0.6073439800956417 0.013113739284525083
0.6202202657617758 0.012722798068605573
0.6331862834510237 0.012311860678588187
0.6462414164119045 0.011881546165899919
0.6593850604382495 0.01143254524266562
0.6726166234495703 0.01096562970618369
0.6859355250908198 0.010481663141376135
0.6993411963504079 0.009981235945671699
0.712833079195415 0.009464982312372042
0.7264106262230219 0.00893549361709528
0.7400733003272381 0.008394122387905184
0.7538205743800791 0.007842385711130445
0.767651930926394 0.007281988088466615
0.7815668618916044 0.0067148479073798175
0.7955648683016565 0.006143128215924494
0.8096454600145419 0.005569272648472959
0.8238081554627781 0.004996047544641259
0.8380524814062786 0.004426591551907614
0.852377972695084 0.003864474319137213
0.8667841720414476 0.0033137662951300264
0.8812706298008143 0.0027791221728645852
0.8958369037612439 0.0022658812067430133
0.9104825589408702 0.0017801885328136825
0.9252071673930039 0.001329142818925507
0.9400103080185115 0.0009209771736803669
0.9548915663851267 0.000572720675860025
0.9698505345533667 0.0002937389239203547
0.9848868109087459 9.70922642028383e-05
1.0 0.0
