airfoil_7_0014
1.0 0.0
0.9848868109087459 0.005546045726822938
0.9698505345533667 0.010952269462991009
0.9548915663851267 0.016217915779745302
0.9400103080185115 0.02134234371544805
0.9252071673930039 0.026325027721180474
0.9104825589408702 0.031165558171000453
0.8958369037612439 0.03586364144319508
0.8812706298008143 0.040419099581579375
0.8667841720414476 0.044831869548450684
0.852377972695084 0.04910200208319179
0.8380524814062786 0.05322966018269576
0.8238081554627781 0.05721511722175562
0.8096454600145419 0.06105875473330399
0.7955648683016565 0.06476105986989328
0.7815668618916044 0.06832262256907373
0.767651930926394 0.07174413244634634
0.7538205743800791 0.07502637544014897
0.7400733003272381 0.07817023023387203
0.7264106262230219 0.08117666448020892
0.712833079195415 0.08404673085323147
0.6993411963504079 0.08678156295345137
0.6859355250908198 0.089382371090804
0.6726166234495703 0.09185043796997834
0.6593850604382495 0.09418711430183804
0.6462414164119045 0.0963938143638466
0.6331862834510237 0.09847201153144261
0.6202202657617758 0.10042323380122894
0.6073439800956417 0.10224905932565428
0.594558056189662 0.10395111197760146
0.5818631372286244 0.1055310569619643
0.5692598803306149 0.10699059648991435
0.5567489570574725 0.1083314655301424
0.5443310539518175 0.10955542764992499
0.5320068731024554 0.1106629069176781
0.5197771327401178 0.11165406885684094
0.5076425678656601 0.11253365892701496
0.4956039309130315 0.11330351647959268
0.4836619924495292 0.11396549050545084
0.47181754191607456 0.11452143612794058
0.4600713884105068 0.11497321123346052
0.4484243615171565 0.1153226732418284
0.4368773121862799 0.11557167601740355
0.4254311136672716 0.11572206692069525
0.41408666249996107 0.11577568399901395
0.4028448795687254 0.1157343533135818
0.3917067112246285 0.11559988639941325
0.3806731304813424 0.11537407785319588
0.36974513829120154 0.11505870304333993
0.3589237649084351 0.11465551593531122
0.3482100713473836 0.11416624702430224
0.3376051509443837 0.11359260136621614
0.32711013103299513 0.11293625669681784
0.31672617474336806 0.11219886162772422
0.30645448293783734 0.11137743942265364
0.29629629629629634 0.11047636308235186
0.2862528975665921 0.10949893871771174
0.2763256139971217 0.1084466757691248
0.26651581997104606 0.10732104488287059
0.2568249398641327 0.10612347616678375
0.24725445115124314 0.10485535739573924
0.23780588778999487 0.10351803213894606
0.22848084391422852 0.10211279777716953
0.2192809778747372 0.10064090337336248
0.21020801667040115 0.09910354735458651
0.2012637608196102 0.0975018749563068
0.1924500897298753 0.09583697537184645
0.18376896763311878 0.0941098785396015
0.1752224501656569 0.09232155148805211
0.16681269168581223 0.09046884713864407
0.15854195343901464 0.08855403275007594
0.1504126127009363 0.08658042674910572
0.1424271730546619 0.08454868853183371
0.13458827598943432 0.08245938679492572
0.12689871404788033 0.08031299106124601
0.11936144579814084 0.07810986168185095
0.11197961297015549 0.0758502379847819
0.10475656017578483 0.0735342241610393
0.09769585773645055 0.0711617723755655
0.09080132827787774 0.06873266245907818
0.08407707793119629 0.06624647736605324
0.07752753322022198 0.06370257336311691
0.07115748504132687 0.06110004362522685
0.06497214159251473 0.05843767354520618
0.05897719273950932 0.05571388558325549
0.05317888920840895 0.05292667087513953
0.0475841413101678 0.05007350406979926
0.04220064386804796 0.047151237007148815
0.03703703703703704 0.04415596601364436
0.032103117483016586 0.04108286721827399
0.02741012223434215 0.03792599556350925
0.022971120954139848 0.03467804927271792
0.01880157658761704 0.031330120942012686
0.014920180724767605 0.02787151275395686
0.011350166034734717 0.024241177562681064
0.008121517699064341 0.02041819620046843
0.005275080483505995 0.016388823306772816
0.002871390119267481 0.012048943980203439
0.0010151897123830426 0.007024063013419601
0.0 0.0
0.0 0.0
0.0010151897123830426 -0.00362485304716893
0.002871390119267481 -0.005303500551293612
0.005275080483505995 -0.006334545664107216
0.008121517699064341 -0.006930671946881204
0.011350166034734717 -0.007252024025914947
0.014920180724767605 -0.007354213475230762
0.01880157658761704 -0.007296593899491184
0.022971120954139848 -0.007094761353833148
0.02741012223434215 -0.006791881415892462
0.032103117483016586 -0.006404135063666792
0.03703703703703704 -0.005944197468718726
0.04220064386804796 -0.005423978065568923
0.0475841413101678 -0.004857521403130579
0.05317888920840895 -0.00425316009178083
0.05897719273950932 -0.003618161678196224
0.06497214159251473 -0.002958873068672885
0.07115748504132687 -0.002280845828688191
0.07752753322022198 -0.0015889441167611217
0.08407707793119629 -0.0008874373474608151
0.09080132827787774 -0.00018007965580833676
0.09769585773645055 0.0005298219394561691
0.10475656017578483 0.0012393490025600625
0.11197961297015549 0.0019459213364301526
0.11936144579814084 0.0026472535998656706
0.12689871404788033 0.0033413178471379474
0.13458827598943432 0.004026311113524475
0.1424271730546619 0.004700627308297322
0.1504126127009363 0.005362832792898425
0.15854195343901464 0.006011645119439927
0.16681269168581223 0.006642909412556967
0.1752224501656569 0.007257343805738213
0.18376896763311878 0.007854809182530837
0.1924500897298753 0.008434502415036729
0.2012637608196102 0.008995701142130424
0.21020801667040115 0.009537753721451816
0.2192809778747372 0.01006007042623286
0.22848084391422852 0.010560769516864094
0.23780588778999487 0.011035826422622907
0.24725445115124314 0.011489398028513037
0.2568249398641327 0.011921122259660456
0.26651581997104606 0.012330668328355205
0.2763256139971217 0.012717732667935473
0.2862528975665921 0.013081356281761547
0.29629629629629634 0.013415390128902476
0.30645448293783734 0.013726071456030633
0.31672617474336806 0.014013222757914334
0.32711013103299513 0.014276679361086677
0.3376051509443837 0.014516287824822723
0.3482100713473836 0.014728069568875044
0.3589237649084351 0.014912004352168683
0.36974513829120154 0.015071789395087893
0.3806731304813424 0.015207350556341493
0.3917067112246285 0.015318619847137884
0.4028448795687254 0.015404548565096888
0.41408666249996107 0.015459690646004018
0.4254311136672716 0.01549061580383149
0.4368773121862799 0.015497323250883276
0.4484243615171565 0.015479818813306288
0.4600713884105068 0.015438115831625805
0.47181754191607456 0.01536699060009663
0.4836619924495292 0.015270543422085775
0.4956039309130315 0.0151503996660251
0.5076425678656601 0.015006652705638843
0.5197771327401178 0.01483941026537832
0.5320068731024554 0.014647410886910357
0.5443310539518175 0.01442813113775911
0.5567489570574725 0.014186291754803166
0.5692598803306149 0.013922115288983565
0.5818631372286244 0.013635852409786898
0.594558056189662 0.01332778606575112
0.6073439800956417 0.012997361463693608
0.6202202657617758 0.012642937126746712
0.6331862834510237 0.01226838332562313
0.6462414164119045 0.011874184590440467
0.6593850604382495 0.011460885561065694
0.6726166234495703 0.011029099350748476
0.6859355250908198 0.01057951706037165
0.6993411963504079 0.010112918636096485
0.712833079195415 0.009628904572347632
0.7264106262230219 0.009129943019365566
0.7400733003272381 0.008617503479169527
0.7538205743800791 0.008092844173726231
0.767651930926394 0.007557387193420632
0.7815668618916044 0.007012742477100582
0.7955648683016565 0.006460735792388281
0.8096454600145419 0.0059034415261772725
0.8238081554627781 0.0053432212881075105
0.8380524814062786 0.0047827695759173425
0.852377972695084 0.004225168067755157
0.8667841720414476 0.00367395051569689
0.8812706298008143 0.003133180748266677
0.8958369037612439 0.00260754699118787
0.9104825589408702 0.002102476645719517
0.9252071673930039 0.0016242769087284857
0.9400103080185115 0.0011803083010147038
0.9548915663851267 0.0007845144694438016
0.9698505345533667 0.00044762028396200774
0.9848868109087459 0.00018081253635212773
1.0 0.0
