airfoil_0_0003
1.0 0.0
0.9848868109087459 0.004733120475095496
0.9698505345533667 0.008326503946964808
0.9548915663851267 0.011618491086831401
0.9400103080185115 0.01474634075198055
0.9252071673930039 0.017756720020347217
0.9104825589408702 0.020686028845249706
0.8958369037612439 0.023538828031233965
0.8812706298008143 0.026334050039980465
0.8667841720414476 0.02907779080549324
0.852377972695084 0.03177455841016663
0.8380524814062786 0.03442787511974913
0.8238081554627781 0.037040516840050476
0.8096454600145419 0.03961468737781384
0.7955648683016565 0.04215214741014125
0.7815668618916044 0.04465431142014706
0.767651930926394 0.04712232160753572
0.7538205743800791 0.049557105007626785
0.7400733003272381 0.051959418204145305
0.7264106262230219 0.05432988276824642
0.712833079195415 0.056667662772819156
0.6993411963504079 0.058971720550177915
0.6859355250908198 0.06124469613993725
0.6726166234495703 0.06348684074275306
0.6593850604382495 0.0656983627792359
0.6462414164119045 0.06787943969974282
0.6331862834510237 0.07002438071052211
0.6202202657617758 0.07213814321027616
0.6073439800956417 0.07422105321973722
0.594558056189662 0.07627315182029007
0.5818631372286244 0.0782903302286873
0.5692598803306149 0.0802722881913575
0.5567489570574725 0.08222253234805
0.5443310539518175 0.08414102637029756
0.5320068731024554 0.08602268328787438
0.5197771327401178 0.08786684300344672
0.5076425678656601 0.08967793436097325
0.4956039309130315 0.09145586889753007
0.4836619924495292 0.09319178463364727
0.47181754191607456 0.094889865926553
0.4600713884105068 0.09655306168783309
0.4484243615171565 0.09818024906796237
0.4368773121862799 0.09975861819639611
0.4254311136672716 0.10129999595728652
0.41408666249996107 0.10280415630036197
0.4028448795687254 0.10426291983948505
0.3917067112246285 0.10567414610333234
0.3806731304813424 0.10704550364776337
0.36974513829120154 0.10837666508783819
0.3589237649084351 0.10964942273092654
0.3482100713473836 0.11087766375001899
0.3376051509443837 0.11206234860512093
0.32711013103299513 0.11319568317786191
0.31672617474336806 0.11426870697303254
0.30645448293783734 0.11529409293159704
0.29629629629629634 0.11627111383423856
0.2862528975665921 0.11718169303340807
0.2763256139971217 0.1180326625737536
0.26651581997104606 0.11882997481807002
0.2568249398641327 0.11957252379627469
0.24725445115124314 0.12023249003169109
0.23780588778999487 0.12083099341112016
0.22848084391422852 0.12136775191767461
0.2192809778747372 0.12184053020011593
0.21020801667040115 0.12221747194346161
0.2012637608196102 0.1225240009069597
0.1924500897298753 0.12275771770086803
0.18376896763311878 0.12291599827705023
0.1752224501656569 0.12297006345168132
0.16681269168581223 0.12293251129515866
0.15854195343901464 0.12280675719573671
0.1504126127009363 0.12258874594779212
0.1424271730546619 0.122273977582045
0.13458827598943432 0.12182394587480268
0.12689871404788033 0.12126275265607529
0.11936144579814084 0.12058541520714083
0.11197961297015549 0.11978492776838809
0.10475656017578483 0.11885342419045017
0.09769585773645055 0.11778204285696746
0.09080132827787774 0.1165432929441473
0.08407707793119629 0.11513188918968162
0.07752753322022198 0.11354709841234409
0.07115748504132687 0.11177506320140067
0.06497214159251473 0.10980004925917183
0.05897719273950932 0.10760414801377223
0.05317888920840895 0.10516693305265636
0.0475841413101678 0.10246506738231653
0.04220064386804796 0.09947186263923032
0.03703703703703704 0.09615680027614282
0.032103117483016586 0.09248504296621328
0.02741012223434215 0.08841700106324868
0.022971120954139848 0.08380735020728698
0.01880157658761704 0.07864813264517825
0.014920180724767605 0.07288178231665016
0.011350166034734717 0.06629907177241132
0.008121517699064341 0.05866684978205928
0.005275080483505995 0.04969718594713205
0.002871390119267481 0.038836119456472536
0.0010151897123830426 0.02459258925398284
0.0 0.0
0.0 0.0
0.0010151897123830426 -0.015857573701257992
0.002871390119267481 -0.025176264138540703
0.005275080483505995 -0.03252061804143181
0.008121517699064341 -0.0387014574442943
0.011350166034734717 -0.044063179386793924
0.014920180724767605 -0.048828230228022726
0.01880157658761704 -0.05303775890574973
0.022971120954139848 -0.05686805536680488
0.02741012223434215 -0.06029897548970332
0.032103117483016586 -0.06345031619782543
0.03703703703703704 -0.06630487383770488
0.04220064386804796 -0.06889391697052297
0.0475841413101678 -0.07126630315444175
0.05317888920840895 -0.07343512748428377
0.05897719273950932 -0.07541271583723391
0.06497214159251473 -0.07721055419466372
0.07115748504132687 -0.07882637021364225
0.07752753322022198 -0.08028640738633479
0.08407707793119629 -0.08160039001314227
0.09080132827787774 -0.08277591593733721
0.09769585773645055 -0.08382001039607136
0.10475656017578483 -0.08473916629464644
0.11197961297015549 -0.08553938480410368
0.11936144579814084 -0.08622621482241502
0.12689871404788033 -0.08680479046147106
0.13458827598943432 -0.087273231483105
0.1424271730546619 -0.08763905360089946
0.1504126127009363 -0.08790936842946369
0.15854195343901464 -0.08808816379314369
0.16681269168581223 -0.08817913913477661
0.1752224501656569 -0.08818573157853357
0.18376896763311878 -0.08811113940349877
0.1924500897298753 -0.0879583431821228
0.2012637608196102 -0.08773012481964591
0.21020801667040115 -0.08741479341584384
0.2192809778747372 -0.08702942349943636
0.22848084391422852 -0.08657662959203838
0.23780588778999487 -0.08605861557717956
0.24725445115124314 -0.08547745220869747
0.2568249398641327 -0.08483407833060917
0.26651581997104606 -0.08411808208084083
0.2763256139971217 -0.08334547787194918
0.2862528975665921 -0.08251794124586129
0.29629629629629634 -0.08163706015774731
0.30645448293783734 -0.08070434242728908
0.31672617474336806 -0.07970879646417281
0.32711013103299513 -0.07866487122523243
0.3376051509443837 -0.07757447762076015
0.3482100713473836 -0.07643888995332207
0.3589237649084351 -0.0752565920478208
0.36974513829120154 -0.07402354648352788
0.3806731304813424 -0.07275023641440238
0.3917067112246285 -0.07143778484441791
0.4028448795687254 -0.0700872846346388
0.41408666249996107 -0.06869328656002661
0.4254311136672716 -0.06726219096032908
0.4368773121862799 -0.06579768852139564
0.4484243615171565 -0.0643008139745777
0.4600713884105068 -0.06277043942588935
0.47181754191607456 -0.06120614841927101
0.4836619924495292 -0.05961413668873505
0.4956039309130315 -0.05799545553879995
0.5076425678656601 -0.056351167669830275
0.5197771327401178 -0.0546790261457866
0.5320068731024554 -0.05298476033799759
0.5443310539518175 -0.051269852528030034
0.5567489570574725 -0.049535489213071084
0.5692598803306149 -0.04778238674705053
0.5818631372286244 -0.04601296918002987
0.594558056189662 -0.04422961951178099
0.6073439800956417 -0.04243375905883651
0.6202202657617758 -0.040626883402865056
0.6331862834510237 -0.03881243536147239
0.6462414164119045 -0.036992136325225
0.6593850604382495 -0.035167565814321206
0.6726166234495703 -0.03334065385506267
0.6859355250908198 -0.0315134689145127
0.6993411963504079 -0.02969283316689553
0.712833079195415 -0.027878752703919586
0.7264106262230219 -0.026073239187688314
0.7400733003272381 -0.024279121942312465
0.7538205743800791 -0.022499481719437775
0.767651930926394 -0.02073899526247211
0.7815668618916044 -0.019007010814400704
0.7955648683016565 -0.01730189188433988
0.8096454600145419 -0.015628055415035518
0.8238081554627781 -0.013990382425031004
0.8380524814062786 -0.01239428547074946
0.852377972695084 -0.010845788067936363
0.8667841720414476 -0.009351618630201034
0.8812706298008143 -0.007919322126558945
0.8958369037612439 -0.006562792809260319
0.9104825589408702 -0.005286878870316269
0.9252071673930039 -0.004100832170686122
0.9400103080185115 -0.003016522251693315
0.9548915663851267 -0.0020474992089937307
0.9698505345533667 -0.0012093082569063617
0.9848868109087459 -0.0005198775532322859
1.0 0.0
