airfoil_0_0005
1.0 0.0
0.9848868109087459 0.003267384703559807
0.9698505345533667 0.006508318156733573
0.9548915663851267 0.00968725848073101
0.9400103080185115 0.012828679073525376
0.9252071673930039 0.015919455751452836
0.9104825589408702 0.018960308396327025
0.8958369037612439 0.02196321939826093
0.8812706298008143 0.024902487187893542
0.8667841720414476 0.027810475617465504
0.852377972695084 0.03065455328284479
0.8380524814062786 0.03345882305709578
0.8238081554627781 0.03621590255943917
0.8096454600145419 0.03891554243500753
0.7955648683016565 0.04158050091955779
0.7815668618916044 0.04418013029275169
0.767651930926394 0.0467385044147179
0.7538205743800791 0.049252144068419615
0.7400733003272381 0.051703133634629424
0.7264106262230219 0.05411623615154573
0.712833079195415 0.05647405037717589
0.6993411963504079 0.05877800041745921
0.6859355250908198 0.0610420250483011
0.6726166234495703 0.06324508941648936
0.6593850604382495 0.06539831066309636
0.6462414164119045 0.06750965160180473
0.6331862834510237 0.06955913287821523
0.6202202657617758 0.07155813398736637
0.6073439800956417 0.07351338180537575
0.594558056189662 0.0754105355865024
0.5818631372286244 0.07725201595441522
0.5692598803306149 0.07904794756162871
0.5567489570574725 0.0807941154732131
0.5443310539518175 0.08247495166791205
0.5320068731024554 0.08410851338938488
0.5197771327401178 0.0856939301239793
0.5076425678656601 0.08722234501747334
0.4956039309130315 0.0886906278947493
0.4836619924495292 0.09010912320563415
0.47181754191607456 0.09147699938867006
0.4600713884105068 0.09279015884611472
0.4484243615171565 0.09403896944168451
0.4368773121862799 0.09523556571780863
0.4254311136672716 0.09637913809268366
0.41408666249996107 0.09746888403333477
0.4028448795687254 0.09850221875582431
0.3917067112246285 0.09947019366939847
0.3806731304813424 0.10038273197175908
0.36974513829120154 0.1012390189874955
0.3589237649084351 0.10203823521798437
0.3482100713473836 0.10277955301344803
0.3376051509443837 0.10346213289322959
0.32711013103299513 0.10408511949879952
0.31672617474336806 0.10464131843580673
0.30645448293783734 0.1051366686809433
0.29629629629629634 0.10557047296217639
0.2862528975665921 0.10594176643105206
0.2763256139971217 0.10624954605345106
0.26651581997104606 0.10649276457166688
0.2568249398641327 0.10667032405927016
0.24725445115124314 0.10678106906893572
0.23780588778999487 0.10682377937697032
0.22848084391422852 0.10679716233244493
0.2192809778747372 0.10669984482373635
0.21020801667040115 0.10653036488108653
0.2012637608196102 0.10628716294072608
0.1924500897298753 0.10596857280448269
0.18376896763311878 0.10557281233901582
0.1752224501656569 0.10509797397143247
0.16681269168581223 0.10453973857695842
0.15854195343901464 0.10389070096849903
0.1504126127009363 0.10315441699240552
0.1424271730546619 0.10232823585830908
0.13458827598943432 0.1014093166664195
0.12689871404788033 0.10039461853521696
0.11936144579814084 0.09927858342433137
0.11197961297015549 0.09804166001628202
0.10475656017578483 0.09669574576651456
0.09769585773645055 0.09523662529724337
0.09080132827787774 0.09365617406133138
0.08407707793119629 0.09192444476198311
0.07752753322022198 0.09006094610652139
0.07115748504132687 0.08805995245820526
0.06497214159251473 0.08587021507978411
0.05897719273950932 0.08352382377415932
0.05317888920840895 0.08099198183092525
0.0475841413101678 0.07824520295634327
0.04220064386804796 0.07530227822973382
0.03703703703703704 0.07208470993837848
0.032103117483016586 0.06863624781267724
0.02741012223434215 0.0648561260044556
0.022971120954139848 0.06076764807768484
0.01880157658761704 0.05630334502297563
0.014920180724767605 0.05137444832770139
0.011350166034734717 0.0459521539919457
0.008121517699064341 0.03991652688389211
0.005275080483505995 0.03307806946167299
0.002871390119267481 0.02510350651383656
0.0010151897123830426 0.015319649194347872
0.0 0.0
0.0 0.0
0.0010151897123830426 -0.0017782975246452965
0.002871390119267481 -0.002985855179589621
0.005275080483505995 -0.004056293576220867
0.008121517699064341 -0.0050395822012163005
0.011350166034734717 -0.005957327595061113
0.014920180724767605 -0.006823780168504753
0.01880157658761704 -0.007648437352130213
0.022971120954139848 -0.008437835016371964
0.02741012223434215 -0.009196614726664703
0.032103117483016586 -0.009928162613628826
0.03703703703703704 -0.010635003627239209
0.04220064386804796 -0.011319053249991232
0.0475841413101678 -0.01198178344800461
0.05317888920840895 -0.012624335289411755
0.05897719273950932 -0.013247597352985589
0.06497214159251473 -0.013852261566550634
0.07115748504132687 -0.014438863773211082
0.07752753322022198 -0.01500418961574126
0.08407707793119629 -0.015551674949511821
0.09080132827787774 -0.01608235252542001
0.09769585773645055 -0.016596330677060855
0.10475656017578483 -0.017093660535751364
0.11197961297015549 -0.017574343529119255
0.11936144579814084 -0.01803833732455177
0.12689871404788033 -0.018485560598689176
0.13458827598943432 -0.01891589691553002
0.1424271730546619 -0.019327143052664607
0.1504126127009363 -0.019720230642532866
0.15854195343901464 -0.02009612203379343
0.16681269168581223 -0.020454569861276424
0.1752224501656569 -0.020795307125465422
0.18376896763311878 -0.021118048406141895
0.1924500897298753 -0.02142249106113318
0.2012637608196102 -0.02170831644418537
0.21020801667040115 -0.021975191172767763
0.2192809778747372 -0.022222768474094882
0.22848084391422852 -0.022450689635618897
0.23780588778999487 -0.022658585584529874
0.24725445115124314 -0.022845289975086246
0.2568249398641327 -0.023010776519530818
0.26651581997104606 -0.023155259534364696
0.2763256139971217 -0.02327834585420959
0.2862528975665921 -0.023379643010189934
0.29629629629629634 -0.023458761768927732
0.30645448293783734 -0.023515318930712938
0.31672617474336806 -0.023548940394219165
0.32711013103299513 -0.023559264492175817
0.3376051509443837 -0.023545945598813667
0.3482100713473836 -0.02350865800564023
0.3589237649084351 -0.023447100057152497
0.36974513829120154 -0.023360998532452017
0.3806731304813424 -0.02325011325240586
0.3917067112246285 -0.023114241885034748
0.4028448795687254 -0.022953224914274737
0.41408666249996107 -0.02276695072925205
0.4254311136672716 -0.022554883861269085
0.4368773121862799 -0.022316715946668196
0.4484243615171565 -0.022053234837217717
0.4600713884105068 -0.021764592094654464
0.47181754191607456 -0.021451014140526706
0.4836619924495292 -0.021112806536276268
0.4956039309130315 -0.02075035780036191
0.5076425678656601 -0.020364142662102524
0.5197771327401178 -0.019954724651881375
0.5320068731024554 -0.01952275792990086
0.5443310539518175 -0.01906898826107279
0.5567489570574725 -0.018594253052056506
0.5692598803306149 -0.018098689133755695
0.5818631372286244 -0.017583749253932156
0.594558056189662 -0.017051092569808624
0.6073439800956417 -0.016501920039976012
0.6202202657617758 -0.015937504931409014
0.6331862834510237 -0.015359185797223843
0.6462414164119045 -0.014768358459320946
0.6593850604382495 -0.014166467087933697
0.6726166234495703 -0.01355499449323046
0.6859355250908198 -0.012935451765019614
0.6993411963504079 -0.012309367414464461
0.712833079195415 -0.011678287097569042
0.7264106262230219 -0.011043840490226152
0.7400733003272381 -0.010407540084090564
0.7538205743800791 -0.009770836826908534
0.767651930926394 -0.009135139460477913
0.7815668618916044 -0.008501804922588552
0.7955648683016565 -0.007872129529718958
0.8096454600145419 -0.007247341059235333
0.8238081554627781 -0.006628591827169861
0.8380524814062786 -0.0060169528333279074
0.852377972695084 -0.005413409020370965
0.8667841720414476 -0.004818855668509781
0.8812706298008143 -0.004234479019173298
0.8958369037612439 -0.0036616361052614955
0.9104825589408702 -0.003100339819489838
0.9252071673930039 -0.002551152158204992
0.9400103080185115 -0.0020145400751149243
0.9548915663851267 -0.0014908775852672115
0.9698505345533667 -0.0009804486867953368
0.9848868109087459 -0.00048345099762114543
1.0 0.0
