airfoil_19_0016
1.0 0.0
0.9848868109087459 0.005189231084209587
0.9698505345533667 0.010239448816391071
0.9548915663851267 0.015150211823869063
0.9400103080185115 0.01992119402185703
0.9252071673930039 0.02455218532738967
0.9104825589408702 0.02904309191028697
0.8958369037612439 0.03339393598739979
0.8812706298008143 0.037604855169539306
0.8667841720414476 0.04167610137348044
0.852377972695084 0.04560803931422841
0.8380524814062786 0.049401144595312446
0.8238081554627781 0.05305600141720824
0.8096454600145419 0.056573299926066675
0.7955648683016565 0.05995383322672747
0.7815668618916044 0.0631984940855176
0.767651930926394 0.06630827134956194
0.7538205743800791 0.06928424611027656
0.7400733003272381 0.07212758763936622
0.7264106262230219 0.07483954912602052
0.712833079195415 0.0774214632441058
0.6993411963504079 0.0798747375779904
0.6859355250908198 0.082200849935244
0.6726166234495703 0.08440134357382455
0.6593850604382495 0.08647782237053726
0.6462414164119045 0.0884319459565327
0.6331862834510237 0.09026542484443194
0.6202202657617758 0.0919800155703461
0.6073439800956417 0.0935775158726153
0.594558056189662 0.09505975992755596
0.5818631372286244 0.09642861366088963
0.5692598803306149 0.09768597015185851
0.5567489570574725 0.09883374514532572
0.5443310539518175 0.09987387268543643
0.5320068731024554 0.10080830088268974
0.5197771327401178 0.10163746056410598
0.5076425678656601 0.10236272313389823
0.4956039309130315 0.10298811002398119
0.4836619924495292 0.10351558632866505
0.47181754191607456 0.10394711246075394
0.4600713884105068 0.10428464078932087
0.4484243615171565 0.10453011244643544
0.4368773121862799 0.10468545430261729
0.4254311136672716 0.1047525761094355
0.41408666249996107 0.1047333678063859
0.4028448795687254 0.1046296969879486
0.3917067112246285 0.10444340652555595
0.3806731304813424 0.10417631233807575
0.36974513829120154 0.10383020130333075
0.3589237649084351 0.10340682930211859
0.3482100713473836 0.1029079193851567
0.3376051509443837 0.1023351600523342
0.32711013103299513 0.10169020363259199
0.31672617474336806 0.10097466475164858
0.30645448293783734 0.1001901188736168
0.29629629629629634 0.0993376419838953
0.2862528975665921 0.09841420396227704
0.2763256139971217 0.09742619263495078
0.26651581997104606 0.09637500548238451
0.2568249398641327 0.09526199272747886
0.24725445115124314 0.09408845587153924
0.23780588778999487 0.09285564615785094
0.22848084391422852 0.09156476293132523
0.2192809778747372 0.09021695185843874
0.21020801667040115 0.08881330296655138
0.2012637608196102 0.08735484845544042
0.1924500897298753 0.08584256022624578
0.18376896763311878 0.08427734706363012
0.1752224501656569 0.08266005139535525
0.16681269168581223 0.08099144553907431
0.15854195343901464 0.07927222732816361
0.1504126127009363 0.07749895538304674
0.1424271730546619 0.07567454356542605
0.13458827598943432 0.07380105347653491
0.12689871404788033 0.07187881857564041
0.11936144579814084 0.06990806362560124
0.11197961297015549 0.06788889368793678
0.10475656017578483 0.0658212809887508
0.09769585773645055 0.06370504917784034
0.09080132827787774 0.06153985438052606
0.08407707793119629 0.059325162282995475
0.07752753322022198 0.05706022028605163
0.07115748504132687 0.05474402349464102
0.06497214159251473 0.0523752729632582
0.05897719273950932 0.04995232416891663
0.05317888920840895 0.04747312311204734
0.0475841413101678 0.04493512673829459
0.04220064386804796 0.042335203550888593
0.03703703703703704 0.039669509461123735
0.032103117483016586 0.036933333478864454
0.02741012223434215 0.034120908824399374
0.022971120954139848 0.03122519026287405
0.01880157658761704 0.028237615515317616
0.014920180724767605 0.025147918622361726
0.011350166034734717 0.021884303991960025
0.008121517699064341 0.01845856825564364
0.005275080483505995 0.01484134341726126
0.002871390119267481 0.010919090396797136
0.0010151897123830426 0.006385185924223633
0.0 0.0
0.0 0.0
0.0010151897123830426 -0.0026649274741085004
0.002871390119267481 -0.0037520422998676764
0.005275080483505995 -0.0042999857865426835
0.008121517699064341 -0.004484344066599989
0.011350166034734717 -0.004440486665706503
0.014920180724767605 -0.0042118234868756595
0.01880157658761704 -0.0038510527326507124
0.022971120954139848 -0.0033715845456156056
0.02741012223434215 -0.002808402659969907
0.032103117483016586 -0.002175921814672186
0.03703703703703704 -0.0014865032185910948
0.04220064386804796 -0.0007501544615026311
0.0475841413101678 2.191890517921262e-05
0.05317888920840895 0.0008223584024925994
0.05897719273950932 0.0016447624272523337
0.06497214159251473 0.0024835506892146946
0.07115748504132687 0.003333848526527369
0.07752753322022198 0.004191388434069381
0.08407707793119629 0.005052426270535666
0.09080132827787774 0.005913669886153306
0.09769585773645055 0.006772218223472463
0.10475656017578483 0.0076255092405643704
0.11197961297015549 0.0084712752705716
0.11936144579814084 0.009307504659126609
0.12689871404788033 0.010132408713083785
0.13458827598943432 0.010944393154137628
0.1424271730546619 0.011742033403729368
0.1504126127009363 0.0125240531355416
0.15854195343901464 0.01328732066416406
0.16681269168581223 0.014030157272578966
0.1752224501656569 0.01475376510036367
0.18376896763311878 0.015457330672711538
0.1924500897298753 0.0161401179200966
0.2012637608196102 0.016801458179760875
0.21020801667040115 0.017440741440621795
0.2192809778747372 0.018057408667424963
0.22848084391422852 0.01864580821257638
0.23780588778999487 0.019208538581406597
0.24725445115124314 0.019746934263456355
0.2568249398641327 0.020260622128733013
0.26651581997104606 0.020749252894429308
0.2763256139971217 0.021212497536782525
0.2862528975665921 0.021645395638806932
0.29629629629629634 0.022048641630194883
0.30645448293783734 0.02242549167968942
0.31672617474336806 0.022775710217554434
0.32711013103299513 0.023099068709355464
0.3376051509443837 0.023395344125339095
0.3482100713473836 0.02365592161688347
0.3589237649084351 0.0238886424176372
0.36974513829120154 0.024093684514828292
0.3806731304813424 0.024270872146024657
0.3917067112246285 0.024420029364281903
0.4028448795687254 0.024535866822435682
0.41408666249996107 0.02461977909252497
0.4254311136672716 0.024675301197364684
0.4368773121862799 0.024702286819663914
0.4484243615171565 0.024700587778854772
0.4600713884105068 0.02466808639191589
0.47181754191607456 0.02460037137614295
0.4836619924495292 0.024503800051650648
0.4956039309130315 0.024378249952631534
0.5076425678656601 0.024223598290889433
0.5197771327401178 0.024039722838237392
0.5320068731024554 0.02382119665078558
0.5443310539518175 0.023571479170629347
0.5567489570574725 0.02329258456516829
0.5692598803306149 0.022984428810227223
0.5818631372286244 0.022646934110541195
0.594558056189662 0.022280030769449306
0.6073439800956417 0.02187931986117018
0.6202202657617758 0.021447978900329477
0.6331862834510237 0.020987575797572117
0.6462414164119045 0.020498114478851165
0.6593850604382495 0.019979619061437828
0.6726166234495703 0.019432137577578085
0.6859355250908198 0.01885574619830471
0.6993411963504079 0.018248828894948724
0.712833079195415 0.017611811163158877
0.7264106262230219 0.01694685216585611
0.7400733003272381 0.016254197473195897
0.7538205743800791 0.015534149339395615
0.767651930926394 0.014787075785801795
0.7815668618916044 0.014013421144352564
0.7955648683016565 0.013213718351189601
0.8096454600145419 0.012388603347693311
0.8238081554627781 0.011538832031941955
0.8380524814062786 0.010665300313157818
0.852377972695084 0.009769067962702625
0.8667841720414476 0.008851387137979547
0.8812706298008143 0.007913736694425076
0.8958369037612439 0.0069578637153936964
0.9104825589408702 0.005985834107855225
0.9252071673930039 0.005000094672707825
0.9400103080185115 0.00400354981846232
0.9548915663851267 0.0029998310679529693
0.9698505345533667 0.0019941011425408084
0.9848868109087459 0.0009919387158869252
1.0 0.0
