airfoil_46_0018
1.0 0.0
0.9848868109087459 0.0057993241816887515
0.9698505345533667 0.01138999644455442
0.9548915663851267 0.016776744606875615
0.9400103080185115 0.021964204471919203
0.9252071673930039 0.026956919614216084
0.9104825589408702 0.03175934132465151
0.8958369037612439 0.03637582870379463
0.8812706298008143 0.04081064889323529
0.8667841720414476 0.04506797743504555
0.852377972695084 0.049151898749843645
0.8380524814062786 0.053066406724297396
0.8238081554627781 0.05681540539926748
0.8096454600145419 0.06040270975015407
0.7955648683016565 0.06383204655136926
0.7815668618916044 0.06710705531721622
0.767651930926394 0.07023128931180528
0.7538205743800791 0.07320821662098459
0.7400733003272381 0.07604122127959886
0.7264106262230219 0.07873360444771971
0.712833079195415 0.08128858562981119
0.6993411963504079 0.08370930393110276
0.6859355250908198 0.08599881934574169
0.6726166234495703 0.08816011407158385
0.6593850604382495 0.09019609384675763
0.6462414164119045 0.09210958930339821
0.6331862834510237 0.09390335733420027
0.6202202657617758 0.09558008246767402
0.6073439800956417 0.09714237824821248
0.594558056189662 0.09859116213550746
0.5818631372286244 0.09992639264294044
0.5692598803306149 0.10115447179185612
0.5567489570574725 0.10227775532925126
0.5443310539518175 0.10329853359723812
0.5320068731024554 0.10421903286700182
0.5197771327401178 0.10504141665412663
0.5076425678656601 0.10576778701235293
0.4956039309130315 0.10640018580289214
0.4836619924495292 0.10694059593647068
0.47181754191607456 0.10739094258529341
0.4600713884105068 0.10775309436211068
0.4484243615171565 0.10802886446353896
0.4368773121862799 0.10822001177471943
0.4254311136672716 0.10832824193230027
0.41408666249996107 0.10835051275532469
0.4028448795687254 0.10828988086966079
0.3917067112246285 0.10815111362597171
0.3806731304813424 0.10793570881161245
0.36974513829120154 0.10764511418651615
0.3589237649084351 0.10728072818657292
0.3482100713473836 0.10684390055159261
0.3376051509443837 0.10633593287144964
0.32711013103299513 0.1057580790432097
0.31672617474336806 0.10511154563109461
0.30645448293783734 0.10439749212002307
0.29629629629629634 0.10361458428021442
0.2862528975665921 0.10276031041991453
0.2763256139971217 0.10184167868465778
0.26651581997104606 0.10085964539260957
0.2568249398641327 0.09981511760154266
0.24725445115124314 0.09870895238023313
0.23780588778999487 0.09754195584781954
0.22848084391422852 0.09631488195056857
0.2192809778747372 0.09502843094008134
0.21020801667040115 0.09368324751044141
0.2012637608196102 0.09227991854388
0.1924500897298753 0.09081690704916891
0.18376896763311878 0.08929055776812973
0.1752224501656569 0.08770738928718189
0.16681269168581223 0.08606771006787246
0.15854195343901464 0.08437175135139062
0.1504126127009363 0.08261966112031732
0.1424271730546619 0.08081149698123336
0.13458827598943432 0.07894721776744691
0.12689871404788033 0.07702667361580694
0.11936144579814084 0.07504959421448283
0.11197961297015549 0.07301557484625448
0.10475656017578483 0.07092405975969257
0.09769585773645055 0.0687743222825576
0.09080132827787774 0.06656544093975855
0.08407707793119629 0.06429627064162559
0.07752753322022198 0.061965407753010966
0.07115748504132687 0.05957114752153624
0.06497214159251473 0.05711143191093854
0.05897719273950932 0.054583785324961484
0.05317888920840895 0.05198523498864497
0.0475841413101678 0.04931221185499334
0.04220064386804796 0.04656042683881373
0.03703703703703704 0.04372471606604359
0.032103117483016586 0.04079884807794463
0.02741012223434215 0.03777528672640671
0.022971120954139848 0.03464490905663337
0.01880157658761704 0.0313966965475169
0.014920180724767605 0.028017475167398866
0.011350166034734717 0.024491947184181993
0.008121517699064341 0.020721501726579685
0.005275080483505995 0.016682266801811292
0.002871390119267481 0.012366321238347239
0.0010151897123830426 0.007218367448425753
0.0 0.0
0.0 0.0
0.0010151897123830426 -0.003527934083809194
0.002871390119267481 -0.005145299891477917
0.005275080483505995 -0.006121203502959922
0.008121517699064341 -0.006695830436080623
0.011350166034734717 -0.006981375305390987
0.014920180724767605 -0.0070790942995836124
0.01880157658761704 -0.0070091861849481425
0.022971120954139848 -0.00682230553514036
0.02741012223434215 -0.00654299208374045
0.032103117483016586 -0.006182520996016356
0.03703703703703704 -0.0057613320872289
0.04220064386804796 -0.005292784891869926
0.0475841413101678 -0.00478630550910274
0.05317888920840895 -0.004250057854055571
0.05897719273950932 -0.003691114961248562
0.06497214159251473 -0.003115609075267736
0.07115748504132687 -0.0025289758506470304
0.07752753322022198 -0.0019360683307226418
0.08407707793119629 -0.001340478620625957
0.09080132827787774 -0.0007455707075871132
0.09769585773645055 -0.00015429124713963369
0.10475656017578483 0.0004307769191235505
0.11197961297015549 0.0010068751024478232
0.11936144579814084 0.0015715998806818561
0.12689871404788033 0.0021236482250671968
0.13458827598943432 0.0026614868684390735
0.1424271730546619 0.00318377877326499
0.1504126127009363 0.0036893583733433205
0.15854195343901464 0.004177210071747697
0.16681269168581223 0.004646449536023022
0.1752224501656569 0.005096307402609733
0.18376896763311878 0.005526115061771566
0.1924500897298753 0.005935292243921866
0.2012637608196102 0.006321381383100338
0.21020801667040115 0.006682761618822099
0.2192809778747372 0.00702193178434108
0.22848084391422852 0.0073386208412093605
0.23780588778999487 0.007632604368949015
0.24725445115124314 0.007903698846370523
0.2568249398641327 0.008151756686310309
0.26651581997104606 0.00837297851195116
0.2763256139971217 0.008568396989790995
0.2862528975665921 0.008740500727351053
0.29629629629629634 0.008889303602766484
0.30645448293783734 0.009014838841640215
0.31672617474336806 0.00911715714149991
0.32711013103299513 0.009191769142550543
0.3376051509443837 0.009241497976551246
0.3482100713473836 0.009268463618154123
0.3589237649084351 0.009272828738208663
0.36974513829120154 0.00925476854862881
0.3806731304813424 0.009213321911503454
0.3917067112246285 0.00914494789207738
0.4028448795687254 0.00905512396514516
0.41408666249996107 0.008944130183774372
0.4254311136672716 0.008812261384308072
0.4368773121862799 0.008659828570506276
0.4484243615171565 0.008482989305872208
0.4600713884105068 0.008285662756229462
0.47181754191607456 0.008069390434625795
0.4836619924495292 0.007834615407830385
0.4956039309130315 0.007581807756114004
0.5076425678656601 0.0073100894908811305
0.5197771327401178 0.007019171889495237
0.5320068731024554 0.0067125180426707886
0.5443310539518175 0.006390785911214634
0.5567489570574725 0.006054680839117362
0.5692598803306149 0.00570496139058364
0.5818631372286244 0.0053411794158930775
0.594558056189662 0.004965235071090395
0.6073439800956417 0.004579132603360606
0.6202202657617758 0.004183946895828496
0.6331862834510237 0.0037808454512774205
0.6462414164119045 0.003371099780607856
0.6593850604382495 0.0029560882730205493
0.6726166234495703 0.002537663496456631
0.6859355250908198 0.002117933456681196
0.6993411963504079 0.0016987322625820265
0.712833079195415 0.0012820752786667656
0.7264106262230219 0.0008701824305785053
0.7400733003272381 0.0004655049021363699
0.7538205743800791 7.075582100031828e-05
0.767651930926394 -0.0003110543466292793
0.7815668618916044 -0.0006765768191925436
0.7955648683016565 -0.0010208777338140834
0.8096454600145419 -0.001340273057304866
0.8238081554627781 -0.0016308040608858775
0.8380524814062786 -0.0018873947650424685
0.852377972695084 -0.0021043399717980303
0.8667841720414476 -0.002275207570054666
0.8812706298008143 -0.002392722439497626
0.8958369037612439 -0.002448627765996484
0.9104825589408702 -0.0024335184563761803
0.9252071673930039 -0.0023312726256903395
0.9400103080185115 -0.0021297761311693474
0.9548915663851267 -0.0018153024329139336
0.9698505345533667 -0.00137004547516356
0.9848868109087459 -0.0007731422892765882
1.0 0.0
