airfoil_46_0011
1.0 0.0
0.9848868109087459 0.006025142594422194
0.9698505345533667 0.01181253047610077
0.9548915663851267 0.01736721245060932
0.9400103080185115 0.02269420707809817
0.9252071673930039 0.027798498583942066
0.9104825589408702 0.032685032988628376
0.8958369037612439 0.03735871445669807
0.8812706298008143 0.04182440186379872
0.8667841720414476 0.04608690558019671
0.852377972695084 0.050150984468440206
0.8380524814062786 0.05402134309225023
0.8238081554627781 0.05770262913315562
0.8096454600145419 0.06119943101087406
0.7955648683016565 0.06451627570297185
0.7815668618916044 0.0676576267589169
0.767651930926394 0.0706278825032614
0.7538205743800791 0.0734313744223605
0.7400733003272381 0.07607236572874253
0.7264106262230219 0.07855505009699684
0.712833079195415 0.08088355056483551
0.6993411963504079 0.0830619185928087
0.6859355250908198 0.085094133276015
0.6726166234495703 0.08698410070103857
0.6593850604382495 0.08873565344126774
0.6462414164119045 0.0903525501836979
0.6331862834510237 0.09183847548029656
0.6202202657617758 0.09319703961700629
0.6073439800956417 0.09443177859347807
0.594558056189662 0.09554428008661793
0.5818631372286244 0.09653453321081847
0.5692598803306149 0.09741126273857784
0.5567489570574725 0.09817771396688434
0.5443310539518175 0.0988370583345461
0.5320068731024554 0.09939239390496639
0.5197771327401178 0.09984674591459915
0.5076425678656601 0.10020306738056697
0.4956039309130315 0.10046423976100716
0.4836619924495292 0.10063307366179412
0.47181754191607456 0.10071230958335978
0.4600713884105068 0.10070461870139842
0.4484243615171565 0.10061260367529325
0.4368773121862799 0.10043879947813665
0.4254311136672716 0.10018567424222995
0.41408666249996107 0.0998521921328647
0.4028448795687254 0.09944077028074266
0.3917067112246285 0.09895723462252741
0.3806731304813424 0.09840378652505151
0.36974513829120154 0.0977825637653797
0.3589237649084351 0.097095641333639
0.3482100713473836 0.09634503220510718
0.3376051509443837 0.09553268807390627
0.32711013103299513 0.0946605000401815
0.31672617474336806 0.09373029924206981
0.30645448293783734 0.09274385742306013
0.29629629629629634 0.09170288742449206
0.2862528975665921 0.09060904359190619
0.2763256139971217 0.0894595534318764
0.26651581997104606 0.0882588912537894
0.2568249398641327 0.08701010848662666
0.24725445115124314 0.08571461119075122
0.23780588778999487 0.08437374653428191
0.22848084391422852 0.08298880239462182
0.2192809778747372 0.08156100674902476
0.21020801667040115 0.08009152682409869
0.2012637608196102 0.07858146796911097
0.1924500897298753 0.07703187221185953
0.18376896763311878 0.07544371644845331
0.1752224501656569 0.07381791020929063
0.16681269168581223 0.07215529293243003
0.15854195343901464 0.07045663066189999
0.1504126127009363 0.0687195217481575
0.1424271730546619 0.06694662104471583
0.13458827598943432 0.06513961677914204
0.12689871404788033 0.06329893817591778
0.11936144579814084 0.06142491701083918
0.11197961297015549 0.05951777926884139
0.10475656017578483 0.057577635248836224
0.09769585773645055 0.055604467818687955
0.09080132827787774 0.05359811846032915
0.08407707793119629 0.051558270669194266
0.07752753322022198 0.04948443018273472
0.07115748504132687 0.047375901410772275
0.06497214159251473 0.045231759331224836
0.05897719273950932 0.04305081601312766
0.05317888920840895 0.0408315808695717
0.0475841413101678 0.03857221380228526
0.04220064386804796 0.036270470739824555
0.03703703703703704 0.03392364203930607
0.032103117483016586 0.03152848656279195
0.02741012223434215 0.02907421890439224
0.022971120954139848 0.026546734542253907
0.01880157658761704 0.023948121974531413
0.014920180724767605 0.021269212031272095
0.011350166034734717 0.018499379441714234
0.008121517699064341 0.015607029872542602
0.005275080483505995 0.012494076448873145
0.002871390119267481 0.009197148494123038
0.0010151897123830426 0.0053471840726768095
0.0 0.0
0.0 0.0
0.0010151897123830426 -0.002299925656715351
0.002871390119267481 -0.003304197255974445
0.005275080483505995 -0.003833055331345758
0.008121517699064341 -0.0040777634827302905
0.011350166034734717 -0.004083178187389972
0.014920180724767605 -0.003937530618804008
0.01880157658761704 -0.0036554286312081696
0.022971120954139848 -0.003266850705707106
0.02741012223434215 -0.002795098188934693
0.032103117483016586 -0.0022535572011452916
0.03703703703703704 -0.0016529851692238084
0.04220064386804796 -0.0010040518044218938
0.0475841413101678 -0.0003171026731215089
0.05317888920840895 0.0004006964382247784
0.05897719273950932 0.001143020673470469
0.06497214159251473 0.0019042718153402549
0.07115748504132687 0.0026794811808893604
0.07752753322022198 0.003464227163318964
0.08407707793119629 0.004254565106295511
0.09080132827787774 0.005046967509241955
0.09769585773645055 0.005838272876014598
0.10475656017578483 0.006625641802432316
0.11197961297015549 0.007406519140836839
0.11936144579814084 0.00817860128268731
0.12689871404788033 0.008939807767398734
0.13458827598943432 0.009688256562541315
0.1424271730546619 0.010422242472304638
0.1504126127009363 0.011140218222379799
0.15854195343901464 0.011840777843994729
0.16681269168581223 0.012522642040940423
0.1752224501656569 0.013184645273636348
0.18376896763311878 0.01382333706628305
0.1924500897298753 0.014438380400744818
0.2012637608196102 0.015030294612029961
0.21020801667040115 0.015598298975843512
0.2192809778747372 0.016141682229653086
0.22848084391422852 0.016659796018522122
0.23780588778999487 0.017152049076189075
0.24725445115124314 0.01761790205983356
0.2568249398641327 0.018056862968318852
0.26651581997104606 0.018463386193879768
0.2763256139971217 0.018841275681406217
0.2862528975665921 0.019190922088917227
0.29629629629629634 0.019512025959776122
0.30645448293783734 0.019804319082892187
0.31672617474336806 0.020067562357540543
0.32711013103299513 0.02030154396517912
0.3376051509443837 0.02050182875931455
0.3482100713473836 0.020670304356224512
0.3589237649084351 0.02080909965267479
0.36974513829120154 0.020918138104617373
0.3806731304813424 0.020997364840666142
0.3917067112246285 0.021046746317076585
0.4028448795687254 0.02106627018594103
0.41408666249996107 0.021050213076939595
0.4254311136672716 0.021003990795352184
0.4368773121862799 0.020928253237976795
0.4484243615171565 0.020823111791434718
0.4600713884105068 0.020688700930227538
0.47181754191607456 0.020525179348648285
0.4836619924495292 0.020331648475657656
0.4956039309130315 0.020105158932055455
0.5076425678656601 0.01985057018077155
0.5197771327401178 0.019568185323437678
0.5320068731024554 0.01925834009241245
0.5443310539518175 0.01892140550438915
0.5567489570574725 0.01855779083591677
0.5692598803306149 0.01816762404340612
0.5818631372286244 0.017748233325449742
0.594558056189662 0.017304141769292593
0.6073439800956417 0.016835970907509355
0.6202202657617758 0.016344399669744537
0.6331862834510237 0.015830169891400514
0.6462414164119045 0.015294092432109073
0.6593850604382495 0.014737053975902728
0.6726166234495703 0.014160024595830396
0.6859355250908198 0.013562982201365025
0.6993411963504079 0.012948007181856357
0.712833079195415 0.01231703830588882
0.7264106262230219 0.011671466845631024
0.7400733003272381 0.011012815354479866
0.7538205743800791 0.010342751672332296
0.767651930926394 0.009663104645770483
0.7815668618916044 0.008975881810675445
0.7955648683016565 0.00828328932698549
0.8096454600145419 0.007587754505731782
0.8238081554627781 0.006891951328937612
0.8380524814062786 0.006198829435735268
0.852377972695084 0.005511647135990736
0.8667841720414476 0.004834009119434955
0.8812706298008143 0.004169909658343199
0.8958369037612439 0.0035237822610000654
0.9104825589408702 0.00290055692898392
0.9252071673930039 0.0023057264133030746
0.9400103080185115 0.0017454231650584568
0.9548915663851267 0.0012265090518244785
0.9698505345533667 0.0007566803826452459
0.9848868109087459 0.00034459138061620825
1.0 0.0
