airfoil_39_0009
1.0 0.0
0.9848868109087459 0.00561922390197236
0.9698505345533667 0.01106120422719799
0.9548915663851267 0.01632783742213538
0.9400103080185115 0.02142108268041777
0.9252071673930039 0.026342957297801776
0.9104825589408702 0.031095532062223825
0.8958369037612439 0.03568092669335976
0.8812706298008143 0.04010130534508268
0.8667841720414476 0.044358872183188014
0.852377972695084 0.04845586704972697
0.8380524814062786 0.05239456122424769
0.8238081554627781 0.05617725329121484
0.8096454600145419 0.05980626512185709
0.7955648683016565 0.0632839379776886
0.7815668618916044 0.06661262874197305
0.767651930926394 0.06979308600824026
0.7538205743800791 0.07282881806902276
0.7400733003272381 0.07572247468800072
0.7264106262230219 0.07847644622238636
0.712833079195415 0.08109312236106946
0.6993411963504079 0.08357488913201468
0.6859355250908198 0.0859241260569389
0.6726166234495703 0.08814320345328357
0.6593850604382495 0.090234479882843
0.6462414164119045 0.09220029974580224
0.6331862834510237 0.09404299101837553
0.6202202657617758 0.0957648631317188
0.6073439800956417 0.09736820498931509
0.594558056189662 0.09885528311960094
0.5818631372286244 0.10022833996020819
0.5692598803306149 0.1014895922698439
0.5567489570574725 0.10264122966351265
0.5443310539518175 0.1036854132665014
0.5320068731024554 0.10462427448229353
0.5197771327401178 0.10545991386935318
0.5076425678656601 0.10619440012151887
0.4956039309130315 0.10682976914656613
0.4836619924495292 0.10736802323733484
0.47181754191607456 0.10781113032967025
0.4600713884105068 0.10816102334128475
0.4484243615171565 0.10841481150738444
0.4368773121862799 0.10857737704614188
0.4254311136672716 0.10865227359964251
0.41408666249996107 0.10864129006698323
0.4028448795687254 0.10854617704579231
0.3917067112246285 0.10836864647452214
0.3806731304813424 0.1081103713086194
0.36974513829120154 0.10777298522278915
0.3589237649084351 0.10735808233121182
0.3482100713473836 0.106867216917145
0.3376051509443837 0.10630190316283471
0.32711013103299513 0.1056636148700533
0.31672617474336806 0.10495378516085395
0.30645448293783734 0.10417336085605666
0.29629629629629634 0.1033171916323524
0.2862528975665921 0.10239352034303875
0.2763256139971217 0.10140360424174678
0.26651581997104606 0.10034865632385256
0.2568249398641327 0.0992298445726389
0.24725445115124314 0.0980482910717008
0.23780588778999487 0.09680507095837633
0.22848084391422852 0.09550121118917915
0.2192809778747372 0.09413768908359732
0.21020801667040115 0.09271543060702472
0.2012637608196102 0.09123530834676521
0.1924500897298753 0.08969813912669913
0.18376896763311878 0.08810090823225791
0.1752224501656569 0.08644463483641551
0.16681269168581223 0.08473337032869278
0.15854195343901464 0.0829676635513852
0.1504126127009363 0.08114798790217978
0.1424271730546619 0.07927473527347058
0.13458827598943432 0.07734820889860565
0.12689871404788033 0.07536861488896598
0.11936144579814084 0.07333605219588128
0.11197961297015549 0.07125050066813034
0.10475656017578483 0.0691118067951611
0.09769585773645055 0.06691966662291124
0.09080132827787774 0.0646736051962211
0.08407707793119629 0.06237295171006858
0.07752753322022198 0.06001680932910465
0.07115748504132687 0.057604018345577275
0.06497214159251473 0.05513311097007712
0.05897719273950932 0.05260225556448744
0.05317888920840895 0.05000918750848765
0.0475841413101678 0.04735112312568849
0.04220064386804796 0.04462465220472458
0.03703703703703704 0.04182560376088179
0.032103117483016586 0.038948879200984256
0.02741012223434215 0.03598824811207293
0.022971120954139848 0.032936107537730824
0.01880157658761704 0.029783224045961114
0.014920180724767605 0.026518531989066257
0.011350166034734717 0.023124182927583885
0.008121517699064341 0.019495166413232297
0.005275080483505995 0.015657947606427535
0.002871390119267481 0.011558161849825775
0.0010151897123830426 0.006730338005730181
0.0 0.0
0.0 0.0
0.0010151897123830426 -0.004016513516036878
0.002871390119267481 -0.005839855570787179
0.005275080483505995 -0.0068992002633232
0.008121517699064341 -0.007494883038020086
0.011350166034734717 -0.007757770813969178
0.014920180724767605 -0.007773994786362532
0.01880157658761704 -0.007608674881261775
0.022971120954139848 -0.007295701145232885
0.02741012223434215 -0.006861247450419413
0.032103117483016586 -0.006336064140967578
0.03703703703703704 -0.005735138171686988
0.04220064386804796 -0.005068511185380939
0.0475841413101678 -0.004353389587207217
0.05317888920840895 -0.0035989768359685976
0.05897719273950932 -0.0028133371834516948
0.06497214159251473 -0.0020035402984306875
0.07115748504132687 -0.0011757889229913772
0.07752753322022198 -0.0003355304283326155
0.08407707793119629 0.0005124462281539092
0.09080132827787774 0.0013639264605154562
0.09769585773645055 0.0022151972781092686
0.10475656017578483 0.0030629842596372582
0.11197961297015549 0.003904396928684395
0.11936144579814084 0.004736881353677063
0.12689871404788033 0.005558178956378714
0.13458827598943432 0.006366290657877862
0.1424271730546619 0.007159445617900246
0.1504126127009363 0.007936073932754903
0.15854195343901464 0.008694782750833494
0.16681269168581223 0.009434335344194043
0.1752224501656569 0.010153632742269323
0.18376896763311878 0.010851697590909998
0.1924500897298753 0.011527659948378254
0.2012637608196102 0.01218074477091592
0.21020801667040115 0.012810260875292778
0.2192809778747372 0.013413250512322492
0.22848084391422852 0.013988124052161564
0.23780588778999487 0.014537434348844702
0.24725445115124314 0.015060781000089701
0.2568249398641327 0.01555780924290937
0.26651581997104606 0.01602820452094024
0.2763256139971217 0.016471687700014528
0.2862528975665921 0.016886239417744347
0.29629629629629634 0.01726793211117123
0.30645448293783734 0.017621924264417672
0.31672617474336806 0.01794808617460443
0.32711013103299513 0.01824630661455135
0.3376051509443837 0.01851649069748929
0.3482100713473836 0.01875783977824575
0.3589237649084351 0.018963895824103336
0.36974513829120154 0.019141769796057508
0.3806731304813424 0.01929146019056083
0.3917067112246285 0.019412974657353258
0.4028448795687254 0.019506329426841745
0.41408666249996107 0.019568752452325568
0.4254311136672716 0.019598164586302393
0.4368773121862799 0.01959974872052003
0.4484243615171565 0.0195735941053469
0.4600713884105068 0.01951979786615644
0.47181754191607456 0.019438465566571174
0.4836619924495292 0.019324137615349953
0.4956039309130315 0.01918117288226403
0.5076425678656601 0.019011442390447258
0.5197771327401178 0.018815131475117697
0.5320068731024554 0.018592438797209766
0.5443310539518175 0.018342735635168375
0.5567489570574725 0.01806187393209887
0.5692598803306149 0.01775582113173401
0.5818631372286244 0.017424881408790154
0.594558056189662 0.01706938257106733
0.6073439800956417 0.016689679125457414
0.6202202657617758 0.01628514720270631
0.6331862834510237 0.015853764264504112
0.6462414164119045 0.015400031698730417
0.6593850604382495 0.014924473677453816
0.6726166234495703 0.014427661091978647
0.6859355250908198 0.013910217314562105
0.6993411963504079 0.013372824640594924
0.712833079195415 0.012814757279735649
0.7264106262230219 0.012237627519774535
0.7400733003272381 0.011643656302466002
0.7538205743800791 0.01103384864829388
0.767651930926394 0.010409310906197771
0.7815668618916044 0.00977126332858907
0.7955648683016565 0.009121054336274807
0.8096454600145419 0.008460176748367979
0.8238081554627781 0.007790286304812217
0.8380524814062786 0.0071131961485941236
0.852377972695084 0.006431174512960733
0.8667841720414476 0.00574664649671678
0.8812706298008143 0.0050620921511179565
0.8958369037612439 0.004380280548870546
0.9104825589408702 0.0037043102648787298
0.9252071673930039 0.003037656575104528
0.9400103080185115 0.0023842267190382557
0.9548915663851267 0.0017484248881770275
0.9698505345533667 0.001135229006313642
0.9848868109087459 0.0005502818844059508
1.0 0.0
