airfoil_39_0018
1.0 0.0
0.9848868109087459 0.005494875143143642
0.9698505345533667 0.010811595588551928
0.9548915663851267 0.01595207736676861
0.9400103080185115 0.020918333867575856
0.9252071673930039 0.025712469715312415
0.9104825589408702 0.03033667451438442
0.8958369037612439 0.034793216499178964
0.8812706298008143 0.03908443612170121
0.8667841720414476 0.043212739609137234
0.852377972695084 0.047180592522228615
0.8380524814062786 0.050990513343841304
0.8238081554627781 0.054645067125461654
0.8096454600145419 0.05814685921756908
0.7955648683016565 0.06149852910795082
0.7815668618916044 0.0647027443900602
0.767651930926394 0.0677621948815005
0.7538205743800791 0.07067958691066652
0.7400733003272381 0.07345763778751212
0.7264106262230219 0.07609907047235884
0.712833079195415 0.07860660845463333
0.6993411963504079 0.08098297085143712
0.6859355250908198 0.08323086773392462
0.6726166234495703 0.0853529956876086
0.6593850604382495 0.08735203361093585
0.6462414164119045 0.08923014980282688
0.6331862834510237 0.09098880151391746
0.6202202657617758 0.09263209079004313
0.6073439800956417 0.09416259383953482
0.594558056189662 0.09558285193064238
0.5818631372286244 0.09689536851439108
0.5692598803306149 0.09810260657650618
0.5567489570574725 0.09920698621239772
0.5443310539518175 0.10021088241826007
0.5320068731024554 0.10111662309050687
0.5197771327401178 0.10192648722501828
0.5076425678656601 0.10264270330702432
0.4956039309130315 0.10326744788187521
0.4836619924495292 0.10380284429645302
0.47181754191607456 0.10425096160054802
0.4600713884105068 0.10461381359715206
0.4484243615171565 0.10489335803029987
0.4368773121862799 0.10509149589880747
0.4254311136672716 0.10521007088400712
0.41408666249996107 0.10525086887934666
0.4028448795687254 0.10521561760949968
0.3917067112246285 0.10510598632640646
0.3806731304813424 0.10492358556942415
0.36974513829120154 0.10466911407947939
0.3589237649084351 0.10434014223155184
0.3482100713473836 0.10394279922456542
0.3376051509443837 0.10347844910153245
0.32711013103299513 0.10294839482287729
0.31672617474336806 0.1023538780410173
0.30645448293783734 0.10169607883103858
0.29629629629629634 0.10097611535856983
0.2862528975665921 0.10019504346447664
0.2763256139971217 0.09935385614419677
0.26651581997104606 0.09845348289734475
0.2568249398641327 0.09749478892054969
0.24725445115124314 0.0964785741132501
0.23780588778999487 0.09540557186222827
0.22848084391422852 0.09427086794106676
0.2192809778747372 0.09307922479550113
0.21020801667040115 0.09183238450525637
0.2012637608196102 0.09053076834082709
0.1924500897298753 0.08917471797285824
0.18376896763311878 0.08776449177369874
0.1752224501656569 0.08630026044329732
0.16681269168581223 0.08478210184060744
0.15854195343901464 0.08320999487739664
0.1504126127009363 0.08158381230098229
0.1424271730546619 0.07990331215419129
0.13458827598943432 0.07816812765243476
0.12689871404788033 0.07637775515608666
0.11936144579814084 0.07452625995799286
0.11197961297015549 0.07261608577173458
0.10475656017578483 0.07064807807867302
0.09769585773645055 0.06862102679675737
0.09080132827787774 0.06653349087030568
0.08407707793119629 0.06438376601085147
0.07752753322022198 0.062169845639579495
0.07115748504132687 0.05988937334793733
0.06497214159251473 0.057539584711967
0.05897719273950932 0.05511723566878561
0.05317888920840895 0.052618513852757426
0.0475841413101678 0.050038928260462176
0.04220064386804796 0.047373171363040194
0.03703703703703704 0.04461494640524852
0.032103117483016586 0.041756751493662585
0.02741012223434215 0.03878961230148135
0.022971120954139848 0.0357027599315881
0.01880157658761704 0.03248326831630642
0.014920180724767605 0.02910171361638427
0.011350166034734717 0.02549519745326464
0.008121517699064341 0.021660726852784876
0.005275080483505995 0.017555629428324913
0.002871390119267481 0.013020783848204192
0.0010151897123830426 0.007694545138465217
0.0 0.0
0.0 0.0
0.0010151897123830426 -0.002797080663677974
0.002871390119267481 -0.003867876168344086
0.005275080483505995 -0.004341656596145492
0.008121517699064341 -0.00444835399964791
0.011350166034734717 -0.004287672024614608
0.014920180724767605 -0.003957026846200742
0.01880157658761704 -0.003477190606203659
0.022971120954139848 -0.0028960435662686948
0.02741012223434215 -0.002234458143384247
0.032103117483016586 -0.0015070445005361975
0.03703703703703704 -0.000732143114382011
0.04220064386804796 7.898554557394209e-05
0.0475841413101678 0.0009170102064142785
0.05317888920840895 0.0017739219353833432
0.05897719273950932 0.0026428389604572222
0.06497214159251473 0.0035178407411774314
0.07115748504132687 0.004392946676970608
0.07752753322022198 0.0052645770776707426
0.08407707793119629 0.006129396174646823
0.09080132827787774 0.006984218977300309
0.09769585773645055 0.0078262745666493
0.10475656017578483 0.008653150447806816
0.11197961297015549 0.009461838384247578
0.11936144579814084 0.010249971703347852
0.12689871404788033 0.011016775247367066
0.13458827598943432 0.011760871730433532
0.1424271730546619 0.01248106908752601
0.1504126127009363 0.01317633588098609
0.15854195343901464 0.013845780028573612
0.16681269168581223 0.01448863037187268
0.1752224501656569 0.015104220680628756
0.18376896763311878 0.015691975752144958
0.1924500897298753 0.016251399317618685
0.2012637608196102 0.016776741850617605
0.21020801667040115 0.017271110405729696
0.2192809778747372 0.017735741607380805
0.22848084391422852 0.018170418965065008
0.23780588778999487 0.01857496410210556
0.24725445115124314 0.01894923134713307
0.2568249398641327 0.019292352633448962
0.26651581997104606 0.019597240028963434
0.2763256139971217 0.0198715055039148
0.2862528975665921 0.020115151165973493
0.29629629629629634 0.020328193404084937
0.30645448293783734 0.020510660813389384
0.31672617474336806 0.02065991892505175
0.32711013103299513 0.02077246283239485
0.3376051509443837 0.020854756189465844
0.3482100713473836 0.020906917569941893
0.3589237649084351 0.020929071590201208
0.36974513829120154 0.020921348740849187
0.3806731304813424 0.02087621342031035
0.3917067112246285 0.02080080375401355
0.4028448795687254 0.020696353682068683
0.41408666249996107 0.020563071373043324
0.4254311136672716 0.020401172917052564
0.4368773121862799 0.020206097419528467
0.4484243615171565 0.019980164441318147
0.4600713884105068 0.019726889330652676
0.47181754191607456 0.019446582716618463
0.4836619924495292 0.019139571612908583
0.4956039309130315 0.018804310389915847
0.5076425678656601 0.018438712846935
0.5197771327401178 0.018048213823227334
0.5320068731024554 0.01763327859363576
0.5443310539518175 0.01719440529290672
0.5567489570574725 0.016732129680935875
0.5692598803306149 0.016243717111037434
0.5818631372286244 0.01573244796867298
0.594558056189662 0.015200484661519393
0.6073439800956417 0.014648605200613398
0.6202202657617758 0.014077657350050305
0.6331862834510237 0.013488567915778975
0.6462414164119045 0.012881159926650653
0.6593850604382495 0.012257239981942437
0.6726166234495703 0.011619379239377437
0.6859355250908198 0.010968948113583545
0.6993411963504079 0.010307459298296379
0.712833079195415 0.009636586834724101
0.7264106262230219 0.008958187967672204
0.7400733003272381 0.008274328286269735
0.7538205743800791 0.007587439194117926
0.767651930926394 0.006900612717511515
0.7815668618916044 0.006216569499343326
0.7955648683016565 0.0055384588624567965
0.8096454600145419 0.0048698154984793095
0.8238081554627781 0.004214617500001395
0.8380524814062786 0.003577354782602156
0.852377972695084 0.0029631101477585204
0.8667841720414476 0.002377655812407676
0.8812706298008143 0.0018275689761872351
0.8958369037612439 0.0013203709712954889
0.9104825589408702 0.0008646958231991781
0.9252071673930039 0.00047049575625804385
0.9400103080185115 0.00015448486172176532
0.9548915663851267 -6.704110877202932e-05
0.9698505345533667 -0.00018070346797461646
0.9848868109087459 -0.00016635811109468192
1.0 0.0
