airfoil_15_0014
1.0 0.0
0.9848868109087459 0.005102003043553143
0.9698505345533667 0.01006191273466817
0.9548915663851267 0.014880103633688042
0.9400103080185115 0.01955703968144458
0.9252071673930039 0.02409327169903534
0.9104825589408702 0.0284894347175105
0.8958369037612439 0.03274624515407899
0.8812706298008143 0.03686449785154547
0.8667841720414476 0.040845062997669
0.852377972695084 0.044688882941011566
0.8380524814062786 0.04839696891960805
0.8238081554627781 0.05197039771846347
0.8096454600145419 0.05541030827146622
0.7955648683016565 0.058717898222808845
0.7815668618916044 0.061894420462441285
0.767651930926394 0.06494117964945083
0.7538205743800791 0.06785952873658055
0.7400733003272381 0.07065086550836808
0.7264106262230219 0.07331662914462281
0.712833079195415 0.07585829682016644
0.6993411963504079 0.07827738035094597
0.6859355250908198 0.08057542289580298
0.6726166234495703 0.08275399572234751
0.6593850604382495 0.08481469504455219
0.6462414164119045 0.08675913893885233
0.6331862834510237 0.0885889643447212
0.6202202657617758 0.09030582415488721
0.6073439800956417 0.09191138439957608
0.594558056189662 0.0934073215284024
0.5818631372286244 0.09479531979279913
0.5692598803306149 0.09607706873116784
0.5567489570574725 0.09725426075825533
0.5443310539518175 0.09832858885961569
0.5320068731024554 0.09930174439140124
0.5197771327401178 0.10017541498514211
0.5076425678656601 0.10095128255662089
0.4956039309130315 0.10162694846294307
0.4836619924495292 0.10220678147279397
0.47181754191607456 0.10269373594779066
0.4600713884105068 0.10308945642310136
0.4484243615171565 0.1033955728135516
0.4368773121862799 0.10361369894205269
0.4254311136672716 0.10374543115209812
0.41408666249996107 0.10379234699968952
0.4028448795687254 0.10375600401962556
0.3917067112246285 0.10363793856065441
0.3806731304813424 0.10343966468354349
0.36974513829120154 0.10316267311565165
0.3589237649084351 0.10280843025508725
0.3482100713473836 0.10237837721699065
0.3376051509443837 0.10187392891387587
0.32711013103299513 0.10129593388803013
0.31672617474336806 0.10064019667474597
0.30645448293783734 0.09991412271398617
0.29629629629629634 0.09911900905322069
0.2862528975665921 0.09825612101533295
0.2763256139971217 0.0973266912115133
0.26651581997104606 0.09633191850305478
0.2568249398641327 0.09527296689392936
0.24725445115124314 0.09415096433361715
0.23780588778999487 0.0929670014067773
0.22848084391422852 0.09172212988288053
0.2192809778747372 0.09041736109473107
0.21020801667040115 0.08905366410972072
0.2012637608196102 0.08763196365146528
0.1924500897298753 0.08614923860338493
0.18376896763311878 0.0846074931164821
0.1752224501656569 0.08301021287353413
0.16681269168581223 0.08135810926295334
0.15854195343901464 0.0796518331093391
0.1504126127009363 0.07789196992612447
0.1424271730546619 0.07607903436375867
0.13458827598943432 0.0742134636930365
0.12689871404788033 0.0722956101273251
0.11936144579814084 0.070325731742192
0.11197961297015549 0.06830398169356307
0.10475656017578483 0.06623039536241113
0.09769585773645055 0.06410487496031146
0.09080132827787774 0.06192717100967592
0.08407707793119629 0.05969685995676281
0.07752753322022198 0.057413316973767205
0.07115748504132687 0.05507568274443108
0.06497214159251473 0.05268282268827713
0.05897719273950932 0.050233276641570644
0.05317888920840895 0.047725196458617794
0.0475841413101678 0.0451562683152026
0.04220064386804796 0.04252361571291648
0.03703703703703704 0.039823678426721874
0.032103117483016586 0.037052062304551624
0.02741012223434215 0.03420335600747704
0.022971120954139848 0.031270916376610856
0.01880157658761704 0.028246641922131818
0.014920180724767605 0.025120805575439456
0.011350166034734717 0.021874869868421416
0.008121517699064341 0.01841618920079307
0.005275080483505995 0.014768717218075808
0.002871390119267481 0.010879341206529766
0.0010151897123830426 0.00632321541189103
0.0 0.0
0.0 0.0
0.0010151897123830426 -0.0030069120745783154
0.002871390119267481 -0.004294731708911661
0.005275080483505995 -0.004995451989933661
0.008121517699064341 -0.005314711978445705
0.011350166034734717 -0.005373549236124833
0.014920180724767605 -0.005244089089459533
0.01880157658761704 -0.0049623827671542164
0.022971120954139848 -0.0045598473079461145
0.02741012223434215 -0.00406608206995138
0.032103117483016586 -0.003496013558561771
0.03703703703703704 -0.002860581977592253
0.04220064386804796 -0.0021761096541445734
0.0475841413101678 -0.0014515719908975518
0.05317888920840895 -0.0006947661325552644
0.05897719273950932 8.752465952614004e-05
0.06497214159251473 0.0008893887856415865
0.07115748504132687 0.0017056643343952506
0.07752753322022198 0.0025318349036035615
0.08407707793119629 0.003363940742249026
0.09080132827787774 0.004198502942041718
0.09769585773645055 0.005032458683525442
0.10475656017578483 0.005863105825442662
0.11197961297015549 0.006688055388418364
0.11936144579814084 0.007505190714656249
0.12689871404788033 0.008312632282689003
0.13458827598943432 0.009108707322548457
0.1424271730546619 0.009891923515712062
0.1504126127009363 0.010660946179812784
0.15854195343901464 0.011414578434111318
0.16681269168581223 0.012151743921428806
0.1752224501656569 0.012871471728450986
0.18376896763311878 0.013568879968320053
0.1924500897298753 0.014245786905844968
0.2012637608196102 0.014902424549762663
0.21020801667040115 0.015538164785604623
0.2192809778747372 0.01615243388683229
0.22848084391422852 0.016744705364956883
0.23780588778999487 0.01731449369177796
0.24725445115124314 0.017856514307857348
0.2568249398641327 0.01837271579707559
0.26651581997104606 0.01886492832440979
0.2763256139971217 0.019332822270020415
0.2862528975665921 0.019776086491972645
0.29629629629629634 0.020194425409893357
0.30645448293783734 0.02058180825258982
0.31672617474336806 0.020941231397022333
0.32711013103299513 0.02127483549446224
0.3376051509443837 0.02158240353037302
0.3482100713473836 0.02186372319787709
0.3589237649084351 0.022116990406311866
0.36974513829120154 0.02233665156168976
0.3806731304813424 0.02252949363828578
0.3917067112246285 0.022695348974524358
0.4028448795687254 0.022834049380362518
0.41408666249996107 0.022945425813067754
0.4254311136672716 0.02302218558204836
0.4368773121862799 0.023070110500464428
0.4484243615171565 0.023090396957168427
0.4600713884105068 0.023082903173375652
0.47181754191607456 0.023047485755881586
0.4836619924495292 0.022980139290060597
0.4956039309130315 0.022880699869016488
0.5076425678656601 0.02275320299493936
0.5197771327401178 0.02259753195496479
0.5320068731024554 0.022413570757292382
0.5443310539518175 0.022201205177381243
0.5567489570574725 0.021954070904284875
0.5692598803306149 0.021678069326959058
0.5818631372286244 0.021373754879957223
0.594558056189662 0.021041056541555525
0.6073439800956417 0.020679911730725017
0.6202202657617758 0.020290268444987856
0.6331862834510237 0.019868014321561354
0.6462414164119045 0.019416385646072475
0.6593850604382495 0.0189366766753718
0.6726166234495703 0.018428919994418536
0.6859355250908198 0.01789317268385716
0.6993411963504079 0.017329520613611284
0.712833079195415 0.01673808333253333
0.7264106262230219 0.01611901965781154
0.7400733003272381 0.015470067613686566
0.7538205743800791 0.014794241829892465
0.767651930926394 0.014092063257966182
0.7815668618916044 0.013363913960845542
0.7955648683016565 0.012610253754438692
0.8096454600145419 0.011831632748300961
0.8238081554627781 0.011028706049983005
0.8380524814062786 0.010202251090881484
0.852377972695084 0.009353188145389185
0.8667841720414476 0.00848260476203548
0.8812706298008143 0.007591785016050576
0.8958369037612439 0.0066822447424284
0.9104825589408702 0.005755774238028099
0.9252071673930039 0.004814490359952808
0.9400103080185115 0.0038608377011801896
0.9548915663851267 0.0028978652320200545
0.9698505345533667 0.0019301260794334458
0.9848868109087459 0.0009622895590069098
1.0 0.0
