airfoil_14_0019
1.0 0.0
0.9848868109087459 0.005317160984552175
0.9698505345533667 0.010479254708604205
0.9548915663851267 0.015486936185034127
0.9400103080185115 0.020340962607014863
0.9252071673930039 0.025042189760255865
0.9104825589408702 0.029591568253470882
0.8958369037612439 0.03399013959010426
0.8812706298008143 0.03823903210419077
0.8667841720414476 0.042339456782905974
0.852377972695084 0.046292702997908296
0.8380524814062786 0.05010013416697814
0.8238081554627781 0.05376318336674936
0.8096454600145419 0.0572828640775758
0.7955648683016565 0.060660841980555394
0.7815668618916044 0.06389894813771227
0.767651930926394 0.06699884530644627
0.7538205743800791 0.06996224491014094
0.7400733003272381 0.07279090270904576
0.7264106262230219 0.07548661453423763
0.712833079195415 0.07805121209769547
0.6993411963504079 0.08048655889032803
0.6859355250908198 0.08279454617860149
0.6726166234495703 0.08497708910922447
0.6593850604382495 0.08703612293018083
0.6462414164119045 0.08897359933525224
0.6331862834510237 0.0907914829380591
0.6202202657617758 0.09249174788056934
0.6073439800956417 0.09407637457998783
0.594558056189662 0.09554734661694712
0.5818631372286244 0.09690664776697674
0.5692598803306149 0.09815625917633475
0.5567489570574725 0.09929815668244459
0.5443310539518175 0.10033430827838997
0.5320068731024554 0.10126667172018403
0.5197771327401178 0.10209719227484317
0.5076425678656601 0.10282780060666068
0.4956039309130315 0.10346041079848607
0.4836619924495292 0.10399691850427441
0.47181754191607456 0.10443919922866901
0.4600713884105068 0.10478910672891811
0.4484243615171565 0.10504847153399863
0.4368773121862799 0.10521909957542123
0.4254311136672716 0.10530275639673664
0.41408666249996107 0.10529523867298346
0.4028448795687254 0.10520417874353326
0.3917067112246285 0.10503127421208146
0.3806731304813424 0.10477819178293078
0.36974513829120154 0.10444656635785503
0.3589237649084351 0.10403800019427392
0.3482100713473836 0.10355406211571876
0.3376051509443837 0.1029962867650304
0.32711013103299513 0.10236617389011932
0.31672617474336806 0.10166518765141319
0.30645448293783734 0.1008947559392977
0.29629629629629634 0.10005626968889124
0.2862528975665921 0.09915108217835107
0.2763256139971217 0.09818050829554652
0.26651581997104606 0.09713937717433042
0.2568249398641327 0.0960347574872752
0.24725445115124314 0.09486840898181093
0.23780588778999487 0.09364147307547964
0.22848084391422852 0.09235504642610336
0.2192809778747372 0.09101017950023714
0.21020801667040115 0.08960787492972724
0.2012637608196102 0.08814908561335313
0.1924500897298753 0.0866347125130003
0.18376896763311878 0.08506560208454182
0.1752224501656569 0.08344254327215257
0.16681269168581223 0.08176626398055588
0.15854195343901464 0.08003742692195209
0.1504126127009363 0.07825047379480747
0.1424271730546619 0.07641137792177073
0.13458827598943432 0.07452123377393192
0.12689871404788033 0.07258037973953195
0.11936144579814084 0.07058905603752204
0.11197961297015549 0.06854739402555307
0.10475656017578483 0.06645540342272444
0.09769585773645055 0.06431295698087772
0.09080132827787774 0.062119772017645035
0.08407707793119629 0.05987538806866003
0.07752753322022198 0.057579139714394816
0.07115748504132687 0.055230123374950764
0.06497214159251473 0.05282715652630565
0.05897719273950932 0.050368727353616145
0.05317888920840895 0.047852932300985876
0.0475841413101678 0.04527739829208331
0.04220064386804796 0.04263918560671888
0.03703703703703704 0.03993466662979932
0.032103117483016586 0.03715937533075569
0.02741012223434215 0.03430782345982369
0.022971120954139848 0.0313732849346289
0.01880157658761704 0.02834756745189967
0.014920180724767605 0.025220841419215753
0.011350166034734717 0.021942619601344946
0.008121517699064341 0.018484101660762888
0.005275080483505995 0.01483712160443384
0.002871390119267481 0.010914617046679337
0.0010151897123830426 0.006360731745248091
0.0 0.0
0.0 0.0
0.0010151897123830426 -0.002876731010952379
0.002871390119267481 -0.00411309667770824
0.005275080483505995 -0.0047903599152327595
0.008121517699064341 -0.005090794292738803
0.011350166034734717 -0.005159391680390087
0.014920180724767605 -0.0050244102816816155
0.01880157658761704 -0.004752285243274662
0.022971120954139848 -0.004356254656369877
0.02741012223434215 -0.003865985679086479
0.032103117483016586 -0.003300967054835205
0.03703703703703704 -0.0026738012138303713
0.04220064386804796 -0.0019950351470580515
0.0475841413101678 -0.0012744075259669605
0.05317888920840895 -0.0005212579890665492
0.05897719273950932 0.00025774288343232305
0.06497214159251473 0.0010567468220508225
0.07115748504132687 0.001870616185302464
0.07752753322022198 0.0026948282279458864
0.08407707793119629 0.003525393149424419
0.09080132827787774 0.004358783915512116
0.09769585773645055 0.005191876082709074
0.10475656017578483 0.006021896101768504
0.11197961297015549 0.006846376806776682
0.11936144579814084 0.0076631189994325
0.12689871404788033 0.008470158212668824
0.13458827598943432 0.00926573588521402
0.1424271730546619 0.010048274302192151
0.1504126127009363 0.010816354759810744
0.15854195343901464 0.01156659782183085
0.16681269168581223 0.01229798879360244
0.1752224501656569 0.013010961550107633
0.18376896763311878 0.013704595274361506
0.1924500897298753 0.014378055739715179
0.2012637608196102 0.015030584856334414
0.21020801667040115 0.015661491479741114
0.2192809778747372 0.016270143319118878
0.22848084391422852 0.016853830002907754
0.23780588778999487 0.017409747615449153
0.24725445115124314 0.017941507047668198
0.2568249398641327 0.018448689259391016
0.26651581997104606 0.018930905504141237
0.2763256139971217 0.019387793440169634
0.2862528975665921 0.019819013713802843
0.29629629629629634 0.02021755575276242
0.30645448293783734 0.020588730511832118
0.31672617474336806 0.02093324102383771
0.32711013103299513 0.021250853692335793
0.3376051509443837 0.02154134546519728
0.3482100713473836 0.02180433834859331
0.3589237649084351 0.022031828405713265
0.36974513829120154 0.022231616365839
0.3806731304813424 0.02240354723832429
0.3917067112246285 0.022547470528113036
0.4028448795687254 0.022663239807964176
0.41408666249996107 0.022747498116516923
0.4254311136672716 0.022798582582853392
0.4368773121862799 0.02282129080159967
0.4484243615171565 0.022815525749394067
0.4600713884105068 0.022781193753440676
0.47181754191607456 0.022718204993606442
0.4836619924495292 0.022620686195044065
0.4956039309130315 0.022492961027741204
0.5076425678656601 0.022336671822604532
0.5197771327401178 0.022151782008743813
0.5320068731024554 0.0219382628152861
0.5443310539518175 0.021696094768698816
0.5567489570574725 0.02141947200326742
0.5692598803306149 0.021114094543251666
0.5818631372286244 0.020780524953066353
0.594558056189662 0.020418824267535714
0.6073439800956417 0.020029072684423364
0.6202202657617758 0.01961137260774739
0.6331862834510237 0.019163923992452005
0.6462414164119045 0.018686411974693246
0.6593850604382495 0.018181934113831417
0.6726166234495703 0.017650734580680658
0.6859355250908198 0.017093099710455806
0.6993411963504079 0.016509364056391897
0.712833079195415 0.015899917265344995
0.7264106262230219 0.01526521191085155
0.7400733003272381 0.014605772445644068
0.7538205743800791 0.013920922368139568
0.767651930926394 0.013212548798901859
0.7815668618916044 0.012482005221544652
0.7955648683016565 0.011730197791155061
0.8096454600145419 0.010958165810927718
0.8238081554627781 0.010167101557907093
0.8380524814062786 0.009358373458712009
0.852377972695084 0.008533553301933828
0.8667841720414476 0.007694448339589096
0.8812706298008143 0.006843139342044424
0.8958369037612439 0.005982025944091569
0.9104825589408702 0.0051138809746273505
0.9252071673930039 0.004241915926636742
0.9400103080185115 0.003370692406803864
0.9548915663851267 0.0025049014409556434
0.9698505345533667 0.0016499945670725214
0.9848868109087459 0.0008124622649794514
1.0 0.0
