airfoil_15_0012
1.0 0.0
0.9848868109087459 0.005120045638056649
0.9698505345533667 0.010096745087948548
0.9548915663851267 0.014930358822075685
0.9400103080185115 0.01962125096922306
0.9252071673930039 0.02416988663730966
0.9104825589408702 0.028576828998874555
0.8958369037612439 0.03284273616053456
0.8812706298008143 0.036968357838007164
0.8667841720414476 0.04095453185847175
0.852377972695084 0.044802180512055416
0.8380524814062786 0.04851230677407523
0.8238081554627781 0.052085990419368546
0.8096454600145419 0.055524384049601326
0.7955648683016565 0.05882870905387322
0.7815668618916044 0.0620002515222574
0.767651930926394 0.06504035813112523
0.7538205743800791 0.06795043201823443
0.7400733003272381 0.07073192866461064
0.7264106262230219 0.07338635179924122
0.712833079195415 0.07591524934154259
0.6993411963504079 0.07832020939546439
0.6859355250908198 0.08060285630797268
0.6726166234495703 0.08276484680351752
0.6593850604382495 0.08480786620495041
0.6462414164119045 0.0867336247502189
0.6331862834510237 0.08854385401304495
0.6202202657617758 0.09024030343468993
0.6073439800956417 0.09182473697283401
0.594558056189662 0.09329892987255588
0.5818631372286244 0.09466466556339304
0.5692598803306149 0.09592373268549964
0.5567489570574725 0.09707792224699921
0.5443310539518175 0.09812902491375569
0.5320068731024554 0.099078828431961
0.5197771327401178 0.09992911518315832
0.5076425678656601 0.10068165987059104
0.4956039309130315 0.10133822733508217
0.4836619924495292 0.10190057049801117
0.47181754191607456 0.1023704284283588
0.4600713884105068 0.10274952453023382
0.4484243615171565 0.10303956484677582
0.4368773121862799 0.10324223647583972
0.4254311136672716 0.1033573635299826
0.41408666249996107 0.10338454651270786
0.4028448795687254 0.10332921900040001
0.3917067112246285 0.10319298018221033
0.3806731304813424 0.10297740302688575
0.36974513829120154 0.10268403317683805
0.3589237649084351 0.10231438790787373
0.3482100713473836 0.10186995514594392
0.3376051509443837 0.1013521925316786
0.32711013103299513 0.10076252652280604
0.31672617474336806 0.10010235152380725
0.30645448293783734 0.09937302903129246
0.29629629629629634 0.09857588678258306
0.2862528975665921 0.09771221789380599
0.2763256139971217 0.09678327997241473
0.26651581997104606 0.09578390466017549
0.2568249398641327 0.09472115026502163
0.24725445115124314 0.09359661827409402
0.23780588778999487 0.09241140366738612
0.22848084391422852 0.09116655889351483
0.2192809778747372 0.08986309231825329
0.21020801667040115 0.0885019664674364
0.2012637608196102 0.08708409602121446
0.1924500897298753 0.08561034550910973
0.18376896763311878 0.08408152664608019
0.1752224501656569 0.0824983952383671
0.16681269168581223 0.08086164757371539
0.15854195343901464 0.0791719161928542
0.1504126127009363 0.07742471915634497
0.1424271730546619 0.07562388970917784
0.13458827598943432 0.07377150045411764
0.12689871404788033 0.07186786557596554
0.11936144579814084 0.0699132022398396
0.11197961297015549 0.0679076198636489
0.10475656017578483 0.06585110731437034
0.09769585773645055 0.06374351756288929
0.09080132827787774 0.06158454921186244
0.08407707793119629 0.05937372415559724
0.07752753322022198 0.05711036042941039
0.07115748504132687 0.05479353904428444
0.06497214159251473 0.052422063263378144
0.05897719273950932 0.04999440833962956
0.05317888920840895 0.0475086591779834
0.0475841413101678 0.044962432700816436
0.04220064386804796 0.04235278090479911
0.03703703703703704 0.03967606982494252
0.032103117483016586 0.036927829253069165
0.02741012223434215 0.034102569161223256
0.022971120954139848 0.031193564207731245
0.01880157658761704 0.028192625120465914
0.014920180724767605 0.025089926452197972
0.011350166034734717 0.021832247740311714
0.008121517699064341 0.01839655878707093
0.005275080483505995 0.014771850955877895
0.002871390119267481 0.010867961381992954
0.0010151897123830426 0.006336984473795256
0.0 0.0
0.0 0.0
0.0010151897123830426 -0.002877066592292149
0.002871390119267481 -0.004114967081509937
0.005275080483505995 -0.004797140002155184
0.008121517699064341 -0.005098808081778266
0.011350166034734717 -0.00516583614088018
0.014920180724767605 -0.00503751037347733
0.01880157658761704 -0.004771214447096567
0.022971120954139848 -0.004377982382690323
0.02741012223434215 -0.0038960014550821157
0.032103117483016586 -0.0033399242241862943
0.03703703703703704 -0.0027218851923496053
0.04220064386804796 -0.002052536719732668
0.0475841413101678 -0.0013438788657781637
0.05317888920840895 -0.0006035556083776758
0.05897719273950932 0.00016174952200037553
0.06497214159251473 0.0009461826625777653
0.07115748504132687 0.001744607008052664
0.07752753322022198 0.002552506254231614
0.08407707793119629 0.0033659019233115784
0.09080132827787774 0.00418128255653697
0.09769585773645055 0.004995542994214156
0.10475656017578483 0.005805932209482379
0.11197961297015549 0.006610008392747133
0.11936144579814084 0.007405600187766181
0.12689871404788033 0.008190773155859666
0.13458827598943432 0.008963800693152214
0.1424271730546619 0.009723138750167138
0.1504126127009363 0.010467403806861352
0.15854195343901464 0.011195353642553293
0.16681269168581223 0.011905870512044973
0.1752224501656569 0.012597946399058516
0.18376896763311878 0.013266372704889836
0.1924500897298753 0.01391400754325848
0.2012637608196102 0.014540316049884854
0.21020801667040115 0.015144649867244305
0.2192809778747372 0.015726420260545975
0.22848084391422852 0.016285090944291952
0.23780588778999487 0.016820171759968274
0.24725445115124314 0.017329441256194553
0.2568249398641327 0.0178093407203224
0.26651581997104606 0.01826418012994158
0.2763256139971217 0.018693645289675532
0.2862528975665921 0.019097445648065436
0.29629629629629634 0.019475311307201124
0.30645448293783734 0.01982699041182923
0.31672617474336806 0.020145139066889327
0.32711013103299513 0.02043612301605901
0.3376051509443837 0.020700232070093263
0.3482100713473836 0.020937305988127514
0.3589237649084351 0.021147193230964218
0.36974513829120154 0.02132887752895017
0.3806731304813424 0.021476154234006062
0.3917067112246285 0.021595936689502437
0.4028448795687254 0.02168813744790472
0.41408666249996107 0.021752673966850128
0.4254311136672716 0.0217894685631351
0.4368773121862799 0.021794957299318872
0.4484243615171565 0.02176863409424119
0.4600713884105068 0.021714620680598894
0.47181754191607456 0.02163289465628757
0.4836619924495292 0.021523439761290338
0.4956039309130315 0.02138624678857909
0.5076425678656601 0.021216167399588447
0.5197771327401178 0.021017038124653116
0.5320068731024554 0.020790579622755864
0.5443310539518175 0.020536852082446856
0.5567489570574725 0.020255929174712903
0.5692598803306149 0.019947900157830822
0.5818631372286244 0.019608782944859387
0.594558056189662 0.01924179327914996
0.6073439800956417 0.01884856227229055
0.6202202657617758 0.018429290035109645
0.6331862834510237 0.017984206073747306
0.6462414164119045 0.017513573422127008
0.6593850604382495 0.017017693288807357
0.6726166234495703 0.0164937830186874
0.6859355250908198 0.015945466611473454
0.6993411963504079 0.015373617390110218
0.712833079195415 0.014778754958331412
0.7264106262230219 0.01416146786434107
0.7400733003272381 0.013522422957028121
0.7538205743800791 0.012862376066735277
0.767651930926394 0.012182184238074142
0.7815668618916044 0.011482819788298087
0.7955648683016565 0.010765386521458753
0.8096454600145419 0.010031125969456477
0.8238081554627781 0.009281144136489129
0.8380524814062786 0.008517653177938508
0.852377972695084 0.007742430630368229
0.8667841720414476 0.006957498487719521
0.8812706298008143 0.00616516091191837
0.8958369037612439 0.005368058993706688
0.9104825589408702 0.004569519533584664
0.9252071673930039 0.0037732181514182877
0.9400103080185115 0.002983390597950815
0.9548915663851267 0.002204945969315513
0.9698505345533667 0.0014435944219232878
0.9848868109087459 0.0007060047086542669
1.0 0.0
