airfoil_15_0001
1.0 0.0
0.9848868109087459 0.005526441534082448
0.9698505345533667 0.01088890583023293
0.9548915663851267 0.01608835626857127
0.9400103080185115 0.02112584804029296
0.9252071673930039 0.02600252436350941
0.9104825589408702 0.030719612580307053
0.8958369037612439 0.035278420154807776
0.8812706298008143 0.039680330591608595
0.8667841720414476 0.04392679929346541
0.852377972695084 0.048019349376477484
0.8380524814062786 0.051959567460332694
0.8238081554627781 0.05574909945040272
0.8096454600145419 0.059389646327642695
0.7955648683016565 0.06288295996135737
0.7815668618916044 0.06623083895896463
0.767651930926394 0.06943512456591734
0.7538205743800791 0.07249769662795442
0.7400733003272381 0.07542046962684408
0.7264106262230219 0.0782053887997693
0.712833079195415 0.08085442635149352
0.6993411963504079 0.08336957776744065
0.6859355250908198 0.08575285823483517
0.6726166234495703 0.08800629917808075
0.6593850604382495 0.09013194491361388
0.6462414164119045 0.09213184942855752
0.6331862834510237 0.09400807328662354
0.6202202657617758 0.09576268066387184
0.6073439800956417 0.09739773651613352
0.594558056189662 0.09891530387914699
0.5818631372286244 0.10031744130173698
0.5692598803306149 0.10160620041169369
0.5567489570574725 0.10278362361337677
0.5443310539518175 0.10385174191547943
0.5320068731024554 0.10481257288683958
0.5197771327401178 0.10566811873767654
0.5076425678656601 0.10642036452316081
0.4956039309130315 0.10707127646578855
0.4836619924495292 0.10762280039262985
0.47181754191607456 0.10807686028314634
0.4600713884105068 0.10843144219081326
0.4484243615171565 0.10869007417242611
0.4368773121862799 0.10885681606157818
0.4254311136672716 0.10893349501912038
0.41408666249996107 0.10892190982087084
0.4028448795687254 0.10882382990015058
0.3917067112246285 0.10864099446104389
0.3806731304813424 0.10837511165521688
0.36974513829120154 0.10802785781474375
0.3589237649084351 0.10760087673296992
0.3482100713473836 0.10709577898497152
0.3376051509443837 0.10651414127863724
0.32711013103299513 0.10585750582678437
0.31672617474336806 0.10512737973000766
0.30645448293783734 0.10432466455275675
0.29629629629629634 0.10344474300450007
0.2862528975665921 0.10249562344838054
0.2763256139971217 0.10147865919190786
0.26651581997104606 0.10039516376344436
0.2568249398641327 0.09924641002496702
0.24725445115124314 0.0980336291853008
0.23780588778999487 0.09675800968973672
0.22848084391422852 0.09542069595843887
0.2192809778747372 0.09402278694179268
0.21020801667040115 0.09256533445567751
0.2012637608196102 0.09104934125334038
0.1924500897298753 0.08947575878282316
0.18376896763311878 0.08784513422202256
0.1752224501656569 0.08615200028118748
0.16681269168581223 0.0844037870245527
0.15854195343901464 0.08260120021927563
0.1504126127009363 0.08074487613441167
0.1424271730546619 0.07883537601001343
0.13458827598943432 0.07687317953204553
0.12689871404788033 0.07485867711258545
0.11936144579814084 0.07279216072852851
0.11197961297015549 0.07067381301336374
0.10475656017578483 0.06850369422183489
0.09769585773645055 0.06628172659155956
0.09080132827787774 0.06400767550249252
0.08407707793119629 0.06168112667597905
0.07752753322022198 0.059301458448939956
0.07115748504132687 0.056867807891183654
0.06497214159251473 0.05437902918722319
0.05897719273950932 0.051833642257740474
0.05317888920840895 0.04922976902989086
0.0475841413101678 0.046565054070285467
0.04220064386804796 0.04383656549702114
0.03703703703703704 0.04104067131956903
0.032103117483016586 0.03817288602539205
0.02741012223434215 0.03522768346019405
0.022971120954139848 0.03219827781671711
0.01880157658761704 0.02907639285225704
0.014920180724767605 0.025852092479667674
0.011350166034734717 0.022499193784078116
0.008121517699064341 0.018937388179003374
0.005275080483505995 0.01518396312778919
0.002871390119267481 0.0111773838426381
0.0010151897123830426 0.0064971599729764015
0.0 0.0
0.0 0.0
0.0010151897123830426 -0.0024854459532612683
0.002871390119267481 -0.0035337046342113335
0.005275080483505995 -0.004078420507219342
0.008121517699064341 -0.004306054590533491
0.011350166034734717 -0.004322024856634638
0.014920180724767605 -0.0041509558567998294
0.01880157658761704 -0.003853614067729593
0.022971120954139848 -0.0034510282405854874
0.02741012223434215 -0.0029552478880901885
0.032103117483016586 -0.0023907428019075343
0.03703703703703704 -0.0017686972472637068
0.04220064386804796 -0.0010988099179858194
0.0475841413101678 -0.0003895030885889644
0.05317888920840895 0.0003518271960228794
0.05897719273950932 0.0011183351156185898
0.06497214159251473 0.0019045899757853641
0.07115748504132687 0.0027059083620586655
0.07752753322022198 0.0035181468998353423
0.08407707793119629 0.004337631219302462
0.09080132827787774 0.005161095082876545
0.09769585773645055 0.005985628137212569
0.10475656017578483 0.006808630971792096
0.11197961297015549 0.00762777636821848
0.11936144579814084 0.0084409758014423
0.12689871404788033 0.009246350405387245
0.13458827598943432 0.010041576093915995
0.1424271730546619 0.010823747802919899
0.1504126127009363 0.011592998487476781
0.15854195343901464 0.012348080116746995
0.16681269168581223 0.01308786023795851
0.1752224501656569 0.013811308242035223
0.18376896763311878 0.014517483309932694
0.1924500897298753 0.015205523812888722
0.2012637608196102 0.01587463797414702
0.21020801667040115 0.016524095628318018
0.2192809778747372 0.01714827862773219
0.22848084391422852 0.01775054404680888
0.23780588778999487 0.018330948007262687
0.24725445115124314 0.01888897570858837
0.2568249398641327 0.019424144766101718
0.26651581997104606 0.01993600112071303
0.2763256139971217 0.02042346885772631
0.2862528975665921 0.02088037306200928
0.29629629629629634 0.02131255494566387
0.30645448293783734 0.021719675922479628
0.31672617474336806 0.02210141055167805
0.32711013103299513 0.022457444568362305
0.3376051509443837 0.022787118385680212
0.3482100713473836 0.023083127845582252
0.3589237649084351 0.023352502298315616
0.36974513829120154 0.023594989120329635
0.3806731304813424 0.023810339293845368
0.3917067112246285 0.023998306597285288
0.4028448795687254 0.024156409917031017
0.41408666249996107 0.024281070266910756
0.4254311136672716 0.024377711346202997
0.4368773121862799 0.02444612142001811
0.4484243615171565 0.02448608850177319
0.4600713884105068 0.024497400263915704
0.47181754191607456 0.024475714342590157
0.4836619924495292 0.024421716506251762
0.4956039309130315 0.024338636758306748
0.5076425678656601 0.02422628751669823
0.5197771327401178 0.024084481009801133
0.5320068731024554 0.023913029770123523
0.5443310539518175 0.02370780467846373
0.5567489570574725 0.023470074247445818
0.5692598803306149 0.02320245888876093
0.5818631372286244 0.022904800344415856
0.594558056189662 0.022576943902119197
0.6073439800956417 0.02221873959182285
0.6202202657617758 0.021830043536198603
0.6331862834510237 0.02140565529359703
0.6462414164119045 0.020950840884620285
0.6593850604382495 0.020465562547201832
0.6726166234495703 0.019949732460771086
0.6859355250908198 0.019403277501885897
0.6993411963504079 0.01882614194768512
0.712833079195415 0.018218290538260375
0.7264106262230219 0.017579711955425823
0.7400733003272381 0.016909850849372847
0.7538205743800791 0.01620759274279421
0.767651930926394 0.015475200352639728
0.7815668618916044 0.014712802462482057
0.7955648683016565 0.013920574971822692
0.8096454600145419 0.013098748333112175
0.8238081554627781 0.012247616177683928
0.8380524814062786 0.01136754536310922
0.852377972695084 0.010458987728021823
0.8667841720414476 0.009522493908255136
0.8812706298008143 0.008558729654526379
0.8958369037612439 0.007568495202747499
0.9104825589408702 0.006552748391279978
0.9252071673930039 0.005512632405958448
0.9400103080185115 0.004447982583998452
0.9548915663851267 0.0033619952613366047
0.9698505345533667 0.002256904223215997
0.9848868109087459 0.0011352306177562935
1.0 0.0
