airfoil_10_0006
1.0 0.0
0.9848868109087459 0.0052523908283236016
0.9698505345533667 0.01036080731040789
0.9548915663851267 0.015325531537056514
0.9400103080185115 0.020146948618023283
0.9252071673930039 0.024825543402513386
0.9104825589408702 0.02936189700828932
0.8958369037612439 0.03375668318207532
0.8812706298008143 0.038010664513806525
0.8667841720414476 0.04212468852696452
0.852377972695084 0.046099683666798605
0.8380524814062786 0.04993665520764935
0.8238081554627781 0.05363668109990122
0.8096454600145419 0.05720090777628953
0.7955648683016565 0.060630545936399924
0.7815668618916044 0.0639268663272345
0.767651930926394 0.06709119553668981
0.7538205743800791 0.07012491181571708
0.7400733003272381 0.07302944094381898
0.7264106262230219 0.07580625215139838
0.712833079195415 0.07845685411132076
0.6993411963504079 0.08098279101089355
0.6859355250908198 0.08338563871431273
0.6726166234495703 0.08566700102448974
0.6593850604382495 0.08782771742100583
0.6462414164119045 0.08986853303267528
0.6331862834510237 0.09179259710487288
0.6202202657617758 0.0936015935582107
0.6073439800956417 0.09529721769511498
0.594558056189662 0.0968811731090078
0.5818631372286244 0.09835516872477763
0.5692598803306149 0.09972091597184761
0.5567489570574725 0.10098012609032644
0.5443310539518175 0.10213450756994931
0.5320068731024554 0.10318576372079086
0.5197771327401178 0.10413559037405262
0.5076425678656601 0.10498567371059449
0.4956039309130315 0.10573768821429066
0.4836619924495292 0.10639329474674362
0.47181754191607456 0.10695413873937844
0.4600713884105068 0.10742184849846408
0.4484243615171565 0.10779803361816166
0.4368773121862799 0.10808428349627634
0.4254311136672716 0.10828216594698652
0.41408666249996107 0.10839322590443239
0.4028448795687254 0.10841898421066025
0.3917067112246285 0.10835985698335976
0.3806731304813424 0.10821293928437803
0.36974513829120154 0.10798502288752838
0.3589237649084351 0.10767752054081897
0.3482100713473836 0.10729181468606766
0.3376051509443837 0.10682925650956225
0.32711013103299513 0.10629116501480443
0.31672617474336806 0.10567882610582273
0.30645448293783734 0.1049934916685633
0.29629629629629634 0.10423637863672064
0.2862528975665921 0.10340866802701859
0.2763256139971217 0.10251150392734587
0.26651581997104606 0.10154599241923466
0.2568249398641327 0.10051320041387689
0.24725445115124314 0.09940710214658603
0.23780588778999487 0.09823495227569988
0.22848084391422852 0.0969983607838072
0.2192809778747372 0.0956982088552799
0.21020801667040115 0.09433532859465729
0.2012637608196102 0.09291050061428159
0.1924500897298753 0.09142445126608327
0.18376896763311878 0.08987784944937335
0.1752224501656569 0.08827130291336902
0.16681269168581223 0.08660535395689327
0.15854195343901464 0.08488047440738845
0.1504126127009363 0.08309705973593488
0.1424271730546619 0.08125417455818622
0.13458827598943432 0.0793469101101242
0.12689871404788033 0.07738170031401045
0.11936144579814084 0.07535855200899583
0.11197961297015549 0.07327734979893637
0.10475656017578483 0.07113784109232019
0.09769585773645055 0.06893961821085814
0.09080132827787774 0.06668209689360789
0.08407707793119629 0.06436449034454375
0.07752753322022198 0.0619857777392853
0.07115748504132687 0.05954466580484174
0.06497214159251473 0.05703954169406457
0.05897719273950932 0.05446841486954469
0.05317888920840895 0.05182884506463799
0.0475841413101678 0.04911785258590267
0.04220064386804796 0.0463318062813841
0.03703703703703704 0.04346628354908515
0.032103117483016586 0.04051589621084811
0.02741012223434215 0.03747407708477976
0.022971120954139848 0.03433282776964828
0.01880157658761704 0.031082446926703575
0.014920180724767605 0.027711313680797364
0.011350166034734717 0.024150223216227864
0.008121517699064341 0.02039049073841059
0.005275080483505995 0.01640945902958113
0.002871390119267481 0.012095547783460857
0.0010151897123830426 0.007074729515053221
0.0 0.0
0.0 0.0
0.0010151897123830426 -0.00341973473306776
0.002871390119267481 -0.00495571172034809
0.005275080483505995 -0.00586295695235041
0.008121517699064341 -0.006335284414612985
0.011350166034734717 -0.006549108579583254
0.014920180724767605 -0.006538428800113547
0.01880157658761704 -0.006374836196151726
0.022971120954139848 -0.00606897297408212
0.02741012223434215 -0.00566090383151839
0.032103117483016586 -0.005169565042042381
0.03703703703703704 -0.004608883972961468
0.04220064386804796 -0.003989608858424296
0.0475841413101678 -0.0033239309653919
0.05317888920840895 -0.0026216838254192742
0.05897719273950932 -0.0018901646796477467
0.06497214159251473 -0.0011357575900229674
0.07115748504132687 -0.00036405747948327474
0.07752753322022198 0.00042002324239024763
0.08407707793119629 0.0012121632440900791
0.09080132827787774 0.0020085538981882635
0.09769585773645055 0.0028058320530785445
0.10475656017578483 0.0036010222812910032
0.11197961297015549 0.0043914871752468165
0.11936144579814084 0.0051748844786852774
0.12689871404788033 0.005949130031565656
0.13458827598943432 0.006712365668149875
0.1424271730546619 0.007462931344602724
0.1504126127009363 0.008199340886980978
0.15854195343901464 0.0089175224200809
0.16681269168581223 0.009617523315928514
0.1752224501656569 0.010299252468377101
0.18376896763311878 0.010961768072244336
0.1924500897298753 0.011604222196087758
0.2012637608196102 0.01222584928460978
0.21020801667040115 0.012825956075337078
0.2192809778747372 0.013403912746405542
0.22848084391422852 0.01395455755641001
0.23780588778999487 0.014479788468697607
0.24725445115124314 0.014981002751116775
0.2568249398641327 0.015457803277705674
0.26651581997104606 0.015909825420360724
0.2763256139971217 0.016336732898888536
0.2862528975665921 0.01673524578025293
0.29629629629629634 0.017103199809354572
0.30645448293783734 0.01744507029190458
0.31672617474336806 0.017760650360284177
0.32711013103299513 0.018049746709968582
0.3376051509443837 0.01831217791365651
0.3482100713473836 0.01854239555859248
0.3589237649084351 0.01874283670269325
0.36974513829120154 0.01891622391680789
0.3806731304813424 0.019062456520666664
0.3917067112246285 0.01918144020529816
0.4028448795687254 0.01927176144553809
0.41408666249996107 0.0193279969610812
0.4254311136672716 0.019356973788203644
0.4368773121862799 0.019358664475095568
0.4484243615171565 0.019333047911780622
0.4600713884105068 0.01928011012297593
0.47181754191607456 0.019194739541046783
0.4836619924495292 0.01908007164006856
0.4956039309130315 0.018938492820143395
0.5076425678656601 0.018770066004041824
0.5197771327401178 0.01857486738086389
0.5320068731024554 0.018352829237724386
0.5443310539518175 0.018098271299144583
0.5567489570574725 0.017817768970047585
0.5692598803306149 0.017511506605944922
0.5818631372286244 0.017179694464934586
0.594558056189662 0.01682257255817973
0.6073439800956417 0.016440414976409922
0.6202202657617758 0.01602994118095952
0.6331862834510237 0.015594851591085241
0.6462414164119045 0.015136402685081837
0.6593850604382495 0.014655077096435879
0.6726166234495703 0.014151420371918605
0.6859355250908198 0.013626049658980828
0.6993411963504079 0.013079663592255528
0.712833079195415 0.012512973497303126
0.7264106262230219 0.011925336095923838
0.7400733003272381 0.011319931063509033
0.7538205743800791 0.01069789510729083
0.767651930926394 0.010060513943330917
0.7815668618916044 0.009409243722566216
0.7955648683016565 0.008745735932904076
0.8096454600145419 0.008071866461660247
0.8238081554627781 0.0073897696610102075
0.8380524814062786 0.006701878459936946
0.852377972695084 0.006010971822431021
0.8667841720414476 0.005320231180997141
0.8812706298008143 0.0046333079007231225
0.8958369037612439 0.003954404385035338
0.9104825589408702 0.0032883721651665383
0.9252071673930039 0.0026408312847623003
0.9400103080185115 0.0020183875024840066
0.9548915663851267 0.0014344768085765454
0.9698505345533667 0.000895370400724144
0.9848868109087459 0.000412616694930064
1.0 0.0
