airfoil_10_0018
1.0 0.0
0.9848868109087459 0.005262813706334809
0.9698505345533667 0.010392728108366195
0.9548915663851267 0.015388836501327652
0.9400103080185115 0.020250350975394432
0.9252071673930039 0.0249766040496332
0.9104825589408702 0.02956704980474219
0.8958369037612439 0.03402126451771889
0.8812706298008143 0.03833894680515423
0.8667841720414476 0.04251991728525724
0.852377972695084 0.04656411777192838
0.8380524814062786 0.05047161001718539
0.8238081554627781 0.05424257402098543
0.8096454600145419 0.05787730592995084
0.7955648683016565 0.06137621554867987
0.7815668618916044 0.06473982348919718
0.767651930926394 0.06796875798565685
0.7538205743800791 0.0710637514026614
0.7400733003272381 0.07402563646649159
0.7264106262230219 0.07685534224917158
0.712833079195415 0.07955388993562257
0.6993411963504079 0.08212238840420229
0.6859355250908198 0.08456202965070286
0.6726166234495703 0.08687408408540159
0.6593850604382495 0.08905989573205182
0.6462414164119045 0.09112087735678195
0.6331862834510237 0.09305850555376578
0.6202202657617758 0.09487431581325954
0.6073439800956417 0.09656989759619193
0.594558056189662 0.09814688943797027
0.5818631372286244 0.09960697410254787
0.5692598803306149 0.10095187380611093
0.5567489570574725 0.10218334552800491
0.5443310539518175 0.10330317642475406
0.5320068731024554 0.10431317936124815
0.5197771327401178 0.10521518857139775
0.5076425678656601 0.10601105545880528
0.4956039309130315 0.10670264454627806
0.4836619924495292 0.1072918295813322
0.47181754191607456 0.1077804898032127
0.4600713884105068 0.10817050637538923
0.4484243615171565 0.10845994381546034
0.4368773121862799 0.10865382766347717
0.4254311136672716 0.10875459186737713
0.41408666249996107 0.10876409501346779
0.4028448795687254 0.10868418193462316
0.3917067112246285 0.10851668104124779
0.3806731304813424 0.10826340180626345
0.36974513829120154 0.10792613239780892
0.3589237649084351 0.10750663745222305
0.3482100713473836 0.10700665597878047
0.3376051509443837 0.10642789938655504
0.32711013103299513 0.1057720496226794
0.31672617474336806 0.10504075741012645
0.30645448293783734 0.10423564057193853
0.29629629629629634 0.10335828242753564
0.2862528975665921 0.1024102302453153
0.2763256139971217 0.10139299373416456
0.26651581997104606 0.10030760043000975
0.2568249398641327 0.09915010916527486
0.24725445115124314 0.09792765650723208
0.23780588778999487 0.0966415779114642
0.22848084391422852 0.09529316196007023
0.2192809778747372 0.09388364851120098
0.21020801667040115 0.09241422669041222
0.2012637608196102 0.0908860326781241
0.1924500897298753 0.08930014724002777
0.18376896763311878 0.08765759293812458
0.1752224501656569 0.08595933094877288
0.16681269168581223 0.08420625740006582
0.15854195343901464 0.08239919912331926
0.1504126127009363 0.08053890869141778
0.1424271730546619 0.07862605858894288
0.13458827598943432 0.07665921844305129
0.12689871404788033 0.07463663532172264
0.11936144579814084 0.0725629259051089
0.11197961297015549 0.07043836233776962
0.10475656017578483 0.06826309124901953
0.09769585773645055 0.06603711862125605
0.09080132827787774 0.06376029156194533
0.08407707793119629 0.06143227624132632
0.07752753322022198 0.059052531057928674
0.07115748504132687 0.05662027383452164
0.06497214159251473 0.05413444151092448
0.05897719273950932 0.051593640367289806
0.05317888920840895 0.0489960842625457
0.0475841413101678 0.04633951769828888
0.04220064386804796 0.043621119745123414
0.03703703703703704 0.040837384124489846
0.032103117483016586 0.03798397042033833
0.02741012223434215 0.035055522589304326
0.022971120954139848 0.0320454565402856
0.01880157658761704 0.028945736327901376
0.014920180724767605 0.025733839124098705
0.011350166034734717 0.02236282917862907
0.008121517699064341 0.018834922278093733
0.005275080483505995 0.01512098264737939
0.002871390119267481 0.011094076923476161
0.0010151897123830426 0.006477781674962527
0.0 0.0
0.0 0.0
0.0010151897123830426 -0.004017178464787961
0.002871390119267481 -0.005909362476229899
0.005275080483505995 -0.007086419458302031
0.008121517699064341 -0.00781794727583163
0.011350166034734717 -0.008218126426744672
0.014920180724767605 -0.008407475198983097
0.01880157658761704 -0.008400393478117848
0.022971120954139848 -0.008257694376758865
0.02741012223434215 -0.008004549907673407
0.032103117483016586 -0.0076514324534104105
0.03703703703703704 -0.007222289167567175
0.04220064386804796 -0.006731722285836875
0.0475841413101678 -0.006189981395256371
0.05317888920840895 -0.005605980589518234
0.05897719273950932 -0.0049874774156889665
0.06497214159251473 -0.004341230768228639
0.07115748504132687 -0.003673138066400702
0.07752753322022198 -0.0029883542491607584
0.08407707793119629 -0.002291481881437531
0.09080132827787774 -0.0015862407124961164
0.09769585773645055 -0.000876271513081698
0.10475656017578483 -0.00016465538528002467
0.11197961297015549 0.0005459466991811187
0.11936144579814084 0.001253150578097427
0.12689871404788033 0.0019548459999903112
0.13458827598943432 0.0026491615208754575
0.1424271730546619 0.0033344341289707783
0.1504126127009363 0.004009182907881097
0.15854195343901464 0.004672086156992599
0.16681269168581223 0.005321961478372873
0.1752224501656569 0.0059577484152004406
0.18376896763311878 0.006578493290082191
0.1924500897298753 0.007180869935045726
0.2012637608196102 0.007763996371634091
0.21020801667040115 0.00832932248691218
0.2192809778747372 0.008876247452378125
0.22848084391422852 0.009404225924303863
0.23780588778999487 0.00991276087696808
0.24725445115124314 0.010401397323275963
0.2568249398641327 0.010864588443162853
0.26651581997104606 0.011305434124704862
0.2763256139971217 0.011725010594304714
0.2862528975665921 0.012123029290059978
0.29629629629629634 0.012499221447314093
0.30645448293783734 0.01285333528563492
0.31672617474336806 0.013177774458506136
0.32711013103299513 0.013479537805855066
0.3376051509443837 0.01375852712740326
0.3482100713473836 0.014014582450542616
0.3589237649084351 0.014247550767567205
0.36974513829120154 0.014452703238616641
0.3806731304813424 0.014631441248389429
0.3917067112246285 0.014786786788393923
0.4028448795687254 0.014918649396347163
0.41408666249996107 0.015026941849525466
0.4254311136672716 0.01510893566759561
0.4368773121862799 0.015162496177989445
0.4484243615171565 0.0151924974071338
0.4600713884105068 0.015198906144668694
0.47181754191607456 0.015181693538070955
0.4836619924495292 0.015140255429540202
0.4956039309130315 0.01506903719376248
0.5076425678656601 0.01497451565806471
0.5197771327401178 0.014856725476867309
0.5320068731024554 0.014715711531876417
0.5443310539518175 0.014551530973053903
0.5567489570574725 0.014360879447586922
0.5692598803306149 0.014145295903914131
0.5818631372286244 0.013907305729450259
0.594558056189662 0.013647068975264324
0.6073439800956417 0.01336477154379546
0.6202202657617758 0.013060629307218777
0.6331862834510237 0.012732685392832491
0.6462414164119045 0.012382036461400176
0.6593850604382495 0.012010977314984884
0.6726166234495703 0.011619912234653026
0.6859355250908198 0.0112093031418756
0.6993411963504079 0.010779678029549109
0.712833079195415 0.010331640604608592
0.7264106262230219 0.009865881356345309
0.7400733003272381 0.009381880774933588
0.7538205743800791 0.008882100155958365
0.767651930926394 0.00836780844996167
0.7815668618916044 0.007840164327994417
0.7955648683016565 0.007300490779876071
0.8096454600145419 0.006750300461085625
0.8238081554627781 0.006191325521541468
0.8380524814062786 0.005625552879934511
0.852377972695084 0.005055266151305444
0.8667841720414476 0.004483095751364963
0.8812706298008143 0.003912079112899598
0.8958369037612439 0.003345733491075181
0.9104825589408702 0.002788144552520172
0.9252071673930039 0.002244074904151198
0.9400103080185115 0.0017191510947797495
0.9548915663851267 0.0012245467874528312
0.9698505345533667 0.0007660793492042242
0.9848868109087459 0.0003538465123795383
1.0 0.0
