airfoil_10_0015
1.0 0.0
0.9848868109087459 0.005259758208788994
0.9698505345533667 0.010374240509134134
0.9548915663851267 0.015343525997041668
0.9400103080185115 0.020167810374054282
0.9252071673930039 0.02484740312879252
0.9104825589408702 0.029382724431036046
0.8958369037612439 0.033774301763509075
0.8812706298008143 0.038022766317029374
0.8667841720414476 0.04212884917494241
0.852377972695084 0.04609337731281749
0.8380524814062786 0.04991726943922507
0.8238081554627781 0.05360153170307269
0.8096454600145419 0.05714725329245682
0.7955648683016565 0.06055560194930848
0.7815668618916044 0.06382781942328898
0.767651930926394 0.06696521688744213
0.7538205743800791 0.06996917033705455
0.7400733003272381 0.07284111599202378
0.7264106262230219 0.07558254572181129
0.712833079195415 0.07819500251077428
0.6993411963504079 0.08068007598034259
0.6859355250908198 0.0830393979831526
0.6726166234495703 0.08527428384027554
0.6593850604382495 0.0873851687666781
0.6462414164119045 0.08937520693169786
0.6331862834510237 0.09124615855976453
0.6202202657617758 0.09299980626556498
0.6073439800956417 0.0946379512451001
0.594558056189662 0.09616240960396752
0.5818631372286244 0.09757500882803452
0.5692598803306149 0.09887758440049217
0.5567489570574725 0.10007197656816202
0.5443310539518175 0.10116002725886264
0.5320068731024554 0.10214357715064241
0.5197771327401178 0.1030244628927426
0.5076425678656601 0.10380451447727329
0.4956039309130315 0.1044855527597632
0.4836619924495292 0.1050693871259812
0.47181754191607456 0.105557813301718
0.4600713884105068 0.10595261130156071
0.4484243615171565 0.10625554351208426
0.4368773121862799 0.10646835290431779
0.4254311136672716 0.10659276136981713
0.41408666249996107 0.10663046817417789
0.4028448795687254 0.1065831485213518
0.3917067112246285 0.10645245222167456
0.3806731304813424 0.10623866723885496
0.36974513829120154 0.10593974122120023
0.3589237649084351 0.10556213450540598
0.3482100713473836 0.10510738320197693
0.3376051509443837 0.10457699144938837
0.32711013103299513 0.10397243044198354
0.31672617474336806 0.10329513749413777
0.30645448293783734 0.10254651512823049
0.29629629629629634 0.10172793017294754
0.2862528975665921 0.10084071285724144
0.2763256139971217 0.09988615588386257
0.26651581997104606 0.09886551346468878
0.2568249398641327 0.09778000029806089
0.24725445115124314 0.09663079046589829
0.23780588778999487 0.0954134500632249
0.22848084391422852 0.0941327020533529
0.2192809778747372 0.09279142959599639
0.21020801667040115 0.09139061596813103
0.2012637608196102 0.08993119422548636
0.1924500897298753 0.08841404484888903
0.18376896763311878 0.0868399930226798
0.1752224501656569 0.08520980547153957
0.16681269168581223 0.0835241867674706
0.15854195343901464 0.08178377500046995
0.1504126127009363 0.07998913668357975
0.1424271730546619 0.07814076073415714
0.13458827598943432 0.07623905133657748
0.12689871404788033 0.07427912425878337
0.11936144579814084 0.07226444656217877
0.11197961297015549 0.07019702071426902
0.10475656017578483 0.06807681741746925
0.09769585773645055 0.06590366675140409
0.09080132827787774 0.06367723917124622
0.08407707793119629 0.061397022520549335
0.07752753322022198 0.05906229408733682
0.07115748504132687 0.05667208646254885
0.06497214159251473 0.05422514561022533
0.05897719273950932 0.05171987910788617
0.05317888920840895 0.04915429194236287
0.0475841413101678 0.04652590653937444
0.04220064386804796 0.043831662888482815
0.03703703703703704 0.04106779382458381
0.032103117483016586 0.038229670138377296
0.02741012223434215 0.03531161130664014
0.022971120954139848 0.03230666318626544
0.01880157658761704 0.02920636187611449
0.014920180724767605 0.025996923663136814
0.011350166034734717 0.022611610424842648
0.008121517699064341 0.019061147602773873
0.005275080483505995 0.015315191500967752
0.002871390119267481 0.011256526836818905
0.0010151897123830426 0.006575127212674494
0.0 0.0
0.0 0.0
0.0010151897123830426 -0.003240370604415601
0.002871390119267481 -0.0047111759887837265
0.005275080483505995 -0.005566738840796417
0.008121517699064341 -0.006051043912082645
0.011350166034734717 -0.00627482600714264
0.014920180724767605 -0.00627912486452799
0.01880157658761704 -0.006126178480436843
0.022971120954139848 -0.005848978199195199
0.02741012223434215 -0.005458436597679133
0.032103117483016586 -0.004982712761997417
0.03703703703703704 -0.004437368505622848
0.04220064386804796 -0.0038337412824913162
0.0475841413101678 -0.003181703391656009
0.05317888920840895 -0.0024898648915495144
0.05897719273950932 -0.0017657212380738493
0.06497214159251473 -0.0010162684712835812
0.07115748504132687 -0.00024722479974905283
0.07752753322022198 0.0005365366072794436
0.08407707793119629 0.0013306918856884338
0.09080132827787774 0.0021313966218421687
0.09769585773645055 0.0029352256557256453
0.10475656017578483 0.0037391211292702063
0.11197961297015549 0.004540347563320751
0.11936144579814084 0.005336452927043807
0.12689871404788033 0.006124101175273888
0.13458827598943432 0.006901344732511309
0.1424271730546619 0.007666987053853897
0.1504126127009363 0.008419421192328577
0.15854195343901464 0.009157198842956038
0.16681269168581223 0.009879011874998551
0.1752224501656569 0.010583676146573634
0.18376896763311878 0.011270117291394868
0.1924500897298753 0.011937358214975569
0.2012637608196102 0.012584508077200024
0.21020801667040115 0.013208422771580124
0.2192809778747372 0.013807346839754901
0.22848084391422852 0.01438357974948661
0.23780588778999487 0.01493653110927021
0.24725445115124314 0.01546565845631438
0.2568249398641327 0.015970461839861214
0.26651581997104606 0.016450479042641943
0.2763256139971217 0.016902185138213014
0.2862528975665921 0.017324241045638556
0.29629629629629634 0.017720159637473035
0.30645448293783734 0.018089636617400092
0.31672617474336806 0.01843238828377802
0.32711013103299513 0.01874814937299976
0.3376051509443837 0.01903458401628416
0.3482100713473836 0.019287965402112806
0.3589237649084351 0.019513677862824444
0.36974513829120154 0.019711556650316816
0.3806731304813424 0.019881448029671803
0.3917067112246285 0.02002320868948435
0.4028448795687254 0.02013356079440004
0.41408666249996107 0.020211123132006757
0.4254311136672716 0.020260377315291168
0.4368773121862799 0.02028125884963706
0.4484243615171565 0.020273712813370346
0.4600713884105068 0.020237694450479533
0.47181754191607456 0.020169077491221352
0.4836619924495292 0.020069218976386576
0.4956039309130315 0.0199411669387609
0.5076425678656601 0.019784961521875945
0.5197771327401178 0.019600658082739086
0.5320068731024554 0.019388329063862286
0.5443310539518175 0.019145015831717346
0.5567489570574725 0.018871365497269057
0.5692598803306149 0.01857049472843527
0.5818631372286244 0.01824259634869139
0.594558056189662 0.017887892795563052
0.6073439800956417 0.017506639939199785
0.6202202657617758 0.017099131370184737
0.6331862834510237 0.01666261386977856
0.6462414164119045 0.016200118795502892
0.6593850604382495 0.015713070418355395
0.6726166234495703 0.015201981151616471
0.6859355250908198 0.014667429280384154
0.6993411963504079 0.014110067410041647
0.712833079195415 0.013530632041913262
0.7264106262230219 0.012929954455493645
0.7400733003272381 0.012308973110586218
0.7538205743800791 0.011668015524918049
0.767651930926394 0.011008916505657405
0.7815668618916044 0.01033353846358687
0.7955648683016565 0.009643372280244046
0.8096454600145419 0.008940099952416946
0.8238081554627781 0.008225621438159775
0.8380524814062786 0.007502085880284124
0.852377972695084 0.006771928068568897
0.8667841720414476 0.006037911201303928
0.8812706298008143 0.005303177259585949
0.8958369037612439 0.004571306630428926
0.9104825589408702 0.0038463890293518157
0.9252071673930039 0.0031336543376524455
0.9400103080185115 0.0024402144372533104
0.9548915663851267 0.0017717398661050762
0.9698505345533667 0.001135949904826053
0.9848868109087459 0.0005418509471478483
1.0 0.0
