airfoil_20_0005
1.0 0.0
0.9848868109087459 0.005407628269317126
0.9698505345533667 0.010657146969394588
0.9548915663851267 0.01574905459705689
0.9400103080185115 0.0206839555457137
0.9252071673930039 0.025462557956025148
0.9104825589408702 0.030085671278495867
0.8958369037612439 0.03455420356638181
0.8812706298008143 0.03886915851832129
0.8667841720414476 0.04303163229094029
0.852377972695084 0.04704281010233974
0.8380524814062786 0.050903962647840695
0.8238081554627781 0.05461644234965562
0.8096454600145419 0.05818167946226775
0.7955648683016565 0.061601178055247625
0.7815668618916044 0.06487651189502426
0.767651930926394 0.06800932024676455
0.7538205743800791 0.07100130361701663
0.7400733003272381 0.07385421945714327
0.7264106262230219 0.07656987784683136
0.712833079195415 0.07915013717612145
0.6993411963504079 0.08159689984346921
0.6859355250908198 0.08391210798634677
0.6726166234495703 0.0860977392598233
0.6593850604382495 0.08815580267744934
0.6462414164119045 0.09008833452761493
0.6331862834510237 0.09189739437737417
0.6202202657617758 0.09358506117453767
0.6073439800956417 0.09515342945763733
0.594558056189662 0.09660460568217945
0.5818631372286244 0.09794070467042584
0.5692598803306149 0.09916384619079026
0.5567489570574725 0.10027461503509233
0.5443310539518175 0.10127356568071294
0.5320068731024554 0.10216588587663455
0.5197771327401178 0.10295368519077822
0.5076425678656601 0.1036390630950775
0.4956039309130315 0.10422410632285159
0.4836619924495292 0.10471088636853515
0.47181754191607456 0.10510145712816484
0.4600713884105068 0.1053978526781932
0.4484243615171565 0.10560208518941899
0.4368773121862799 0.10571614297207792
0.4254311136672716 0.10574198864742947
0.41408666249996107 0.10568155744049848
0.4028448795687254 0.10553675558797766
0.3917067112246285 0.1053094588546631
0.3806731304813424 0.10500151115117068
0.36974513829120154 0.10461472324505738
0.3589237649084351 0.10415087155683678
0.3482100713473836 0.10361169703171946
0.3376051509443837 0.10299493843386054
0.32711013103299513 0.1023043542910858
0.31672617474336806 0.10154345454207298
0.30645448293783734 0.10071382274126604
0.29629629629629634 0.09981700101995368
0.2862528975665921 0.09885448912106701
0.2763256139971217 0.09782774341979708
0.26651581997104606 0.0967381759118961
0.2568249398641327 0.0955871531495234
0.24725445115124314 0.09437599510211349
0.23780588778999487 0.09310597391689096
0.22848084391422852 0.09177831255022623
0.2192809778747372 0.09039418323688017
0.21020801667040115 0.08895470575915265
0.2012637608196102 0.08746094547181697
0.1924500897298753 0.08590852833428982
0.18376896763311878 0.08430330483849359
0.1752224501656569 0.08264662991410102
0.16681269168581223 0.08093931371340259
0.15854195343901464 0.0791820962889827
0.1504126127009363 0.07737564295514605
0.1424271730546619 0.07552053883984237
0.13458827598943432 0.0736172824655493
0.12689871404788033 0.07166627816187263
0.11936144579814084 0.06966782706757692
0.11197961297015549 0.067622116422635
0.10475656017578483 0.06552920677807367
0.09769585773645055 0.06338901665813373
0.09080132827787774 0.061201304089251125
0.08407707793119629 0.05896564425529781
0.07752753322022198 0.05668140233752557
0.07115748504132687 0.05434770033673292
0.06497214159251473 0.05196337633686882
0.05897719273950932 0.049526934233210515
0.05317888920840895 0.04703648139408688
0.0475841413101678 0.04448965104191583
0.04220064386804796 0.04188350535058566
0.03703703703703704 0.03921441448406371
0.032103117483016586 0.03647790642879162
0.02741012223434215 0.03366848356029559
0.022971120954139848 0.030779407265565096
0.01880157658761704 0.027802469232788486
0.014920180724767605 0.024727818375620506
0.011350166034734717 0.02152765635469896
0.008121517699064341 0.018128927485474476
0.005275080483505995 0.014545411315458699
0.002871390119267481 0.010712926756693596
0.0010151897123830426 0.006235124575820731
0.0 0.0
0.0 0.0
0.0010151897123830426 -0.002695188237080268
0.002871390119267481 -0.0038155146634718472
0.005275080483505995 -0.004398708782921
0.008121517699064341 -0.004613529355585718
0.011350166034734717 -0.004602340559803208
0.014920180724767605 -0.004401060631837132
0.01880157658761704 -0.004066890725941653
0.022971120954139848 -0.0036102925392607894
0.02741012223434215 -0.003067113418525836
0.032103117483016586 -0.0024522131893316905
0.03703703703703704 -0.0017779255691979289
0.04220064386804796 -0.0010540125108120008
0.0475841413101678 -0.00029177400730502975
0.05317888920840895 0.0005011064349402473
0.05897719273950932 0.0013181558198446278
0.06497214159251473 0.0021537106155348645
0.07115748504132687 0.003002804865811452
0.07752753322022198 0.0038610746453350848
0.08407707793119629 0.00472467652576261
0.09080132827787774 0.0055902179450537165
0.09769585773645055 0.006454697646127957
0.10475656017578483 0.007315454621226559
0.11197961297015549 0.008170124243145508
0.11936144579814084 0.009016600477206494
0.12689871404788033 0.00985300324846463
0.13458827598943432 0.01067765019011138
0.1424271730546619 0.011489032125151375
0.1504126127009363 0.012285791738095091
0.15854195343901464 0.013066704980166124
0.16681269168581223 0.013827225928570675
0.1752224501656569 0.014568576935062295
0.18376896763311878 0.015290591826856683
0.1924500897298753 0.0159924680284193
0.2012637608196102 0.01667347400273323
0.21020801667040115 0.01733294037128227
0.2192809778747372 0.017970252104349542
0.22848084391422852 0.018584841644465982
0.23780588778999487 0.019169622865596828
0.24725445115124314 0.019730169417310425
0.2568249398641327 0.020266249291193996
0.26651581997104606 0.020777469589201958
0.2763256139971217 0.021263460296173813
0.2862528975665921 0.021723870982740454
0.29629629629629634 0.022152994899294183
0.30645448293783734 0.02255317323104195
0.31672617474336806 0.02292669725594988
0.32711013103299513 0.02327330650787093
0.3376051509443837 0.023592747808672106
0.3482100713473836 0.023884773811888967
0.3589237649084351 0.024141157628676333
0.36974513829120154 0.02436913528413652
0.3806731304813424 0.024569020866186057
0.3917067112246285 0.024740613496581746
0.4028448795687254 0.02488371261250655
0.41408666249996107 0.024994529545058868
0.4254311136672716 0.025071617353436586
0.4368773121862799 0.025119761686128544
0.4484243615171565 0.02513879100783734
0.4600713884105068 0.025128532222841435
0.47181754191607456 0.025088810853001967
0.4836619924495292 0.02501222161091366
0.4956039309130315 0.024905300951339655
0.5076425678656601 0.02476867129199287
0.5197771327401178 0.02460218297513905
0.5320068731024554 0.02440568654298233
0.5443310539518175 0.024177847159535484
0.5567489570574725 0.02391396126414748
0.5692598803306149 0.023619994452185263
0.5818631372286244 0.02329583045479507
0.594558056189662 0.022941357859888673
0.6073439800956417 0.022556471698874724
0.6202202657617758 0.022141075228323523
0.6331862834510237 0.02169059944465029
0.6462414164119045 0.0212089218976589
0.6593850604382495 0.020696976723767357
0.6726166234495703 0.02015473764833132
0.6859355250908198 0.01958219808521916
0.6993411963504079 0.018979374690842057
0.712833079195415 0.018346311400135196
0.7264106262230219 0.01768308402556181
0.7400733003272381 0.016988171260868122
0.7538205743800791 0.01626264701550614
0.767651930926394 0.015507917050867966
0.7815668618916044 0.014724240569601399
0.7955648683016565 0.01391193984426698
0.8096454600145419 0.013071410304861494
0.8238081554627781 0.012203132308918833
0.8380524814062786 0.011307684938418496
0.852377972695084 0.010385762250568574
0.8667841720414476 0.009438192515467804
0.8812706298008143 0.008465961110076064
0.8958369037612439 0.007470237914914625
0.9104825589408702 0.006452410291335737
0.9252071673930039 0.005414123022306838
0.9400103080185115 0.004356774318178565
0.9548915663851267 0.003282929089666883
0.9698505345533667 0.002196320448615088
0.9848868109087459 0.0011005608634585958
1.0 0.0
