airfoil_34_0010
1.0 0.0
0.9848868109087459 0.005492866471428253
0.9698505345533667 0.0108198622811085
0.9548915663851267 0.01598232000288624
0.9400103080185115 0.020981637320731484
0.9252071673930039 0.02581927350790835
0.9104825589408702 0.03049674590110496
0.8958369037612439 0.03501562638077385
0.8812706298008143 0.03937753786833508
0.8667841720414476 0.04358415085027423
0.852377972695084 0.047637179938533
0.8380524814062786 0.05153838047593744
0.8238081554627781 0.055289545194754715
0.8096454600145419 0.058892500935809396
0.7955648683016565 0.06234910543493138
0.7815668618916044 0.06566124418285743
0.767651930926394 0.06883082736406264
0.7538205743800791 0.07185978687936986
0.7400733003272381 0.07475007345656785
0.7264106262230219 0.07750365385267163
0.712833079195415 0.08012250815088093
0.6993411963504079 0.0826086271547358
0.6859355250908198 0.08496400988143601
0.6726166234495703 0.0871906611557816
0.6593850604382495 0.08929058930570899
0.6462414164119045 0.09126580395993884
0.6331862834510237 0.0931183139478206
0.6202202657617758 0.09485012530105265
0.6073439800956417 0.09646323935657725
0.594558056189662 0.09795965095959501
0.5818631372286244 0.09934134676531375
0.5692598803306149 0.10061030363774026
0.5567489570574725 0.10176848714354063
0.5443310539518175 0.10281785013873217
0.5320068731024554 0.10375718110954155
0.5197771327401178 0.10458819442607506
0.5076425678656601 0.10531611157574579
0.4956039309130315 0.10594282823480121
0.4836619924495292 0.10647022112367746
0.47181754191607456 0.10690014704695167
0.4600713884105068 0.10723444200460525
0.4484243615171565 0.10747492037064034
0.4368773121862799 0.10762337413490519
0.4254311136672716 0.10768157220379537
0.41408666249996107 0.10765125975529946
0.4028448795687254 0.10753415764364707
0.3917067112246285 0.10733196184858604
0.3806731304813424 0.10704634296406006
0.36974513829120154 0.10667894572076926
0.3589237649084351 0.10622603577081748
0.3482100713473836 0.1056924776374969
0.3376051509443837 0.10508194874990451
0.32711013103299513 0.10439598442074673
0.31672617474336806 0.10363609103593328
0.30645448293783734 0.10280374560004689
0.29629629629629634 0.10190039526186853
0.2862528975665921 0.10092745680919911
0.2763256139971217 0.09988631612097229
0.26651581997104606 0.0987783275631655
0.2568249398641327 0.09760481331323324
0.24725445115124314 0.09636706259564641
0.23780588778999487 0.09506633080854365
0.22848084391422852 0.09369781618046502
0.2192809778747372 0.09226764258465499
0.21020801667040115 0.09077809392858781
0.2012637608196102 0.08923027111295463
0.1924500897298753 0.08762523368701167
0.18376896763311878 0.08596399776298577
0.1752224501656569 0.08424753357401879
0.16681269168581223 0.08247676260873209
0.15854195343901464 0.08065255424207622
0.1504126127009363 0.07877572176551562
0.1424271730546619 0.0768470176989303
0.13458827598943432 0.07486712824078534
0.12689871404788033 0.07283666668068031
0.11936144579814084 0.0707561655574556
0.11197961297015549 0.06862606729411902
0.10475656017578483 0.06644671297470327
0.09769585773645055 0.06421511564866815
0.09080132827787774 0.06193439678109859
0.08407707793119629 0.059605198456149325
0.07752753322022198 0.05722739768218296
0.07115748504132687 0.054800699189457645
0.06497214159251473 0.05232460930517414
0.05897719273950932 0.04979840491753386
0.05317888920840895 0.04722109680073598
0.0475841413101678 0.04459138673000226
0.04220064386804796 0.041907618324051016
0.03703703703703704 0.03915865146591525
0.032103117483016586 0.036346154143947006
0.02741012223434215 0.03346629915352295
0.022971120954139848 0.030513541928090613
0.01880157658761704 0.02748106115344554
0.014920180724767605 0.02436063922839475
0.011350166034734717 0.021142833715395826
0.008121517699064341 0.017758348412225868
0.005275080483505995 0.01417597217653922
0.002871390119267481 0.01040563146091223
0.0010151897123830426 0.0060097017598034624
0.0 0.0
0.0 0.0
0.0010151897123830426 -0.003064008584411689
0.002871390119267481 -0.004375913143999011
0.005275080483505995 -0.005084629782616241
0.008121517699064341 -0.005403473737179269
0.011350166034734717 -0.0054477839607353865
0.014920180724767605 -0.005300847607990977
0.01880157658761704 -0.004990101541726297
0.022971120954139848 -0.004558082948135382
0.02741012223434215 -0.004030510631621819
0.032103117483016586 -0.0034195237038982026
0.03703703703703704 -0.0027440907368450106
0.04220064386804796 -0.0020174273110553243
0.0475841413101678 -0.0012490440909588376
0.05317888920840895 -0.00044723761675510864
0.05897719273950932 0.0003807453115721096
0.06497214159251473 0.0012281697360294799
0.07115748504132687 0.0020892345726286296
0.07752753322022198 0.0029596202420992296
0.08407707793119629 0.003835205998596215
0.09080132827787774 0.004712342994054909
0.09769585773645055 0.005587795091252932
0.10475656017578483 0.006458687632387214
0.11197961297015549 0.007322463029973072
0.11936144579814084 0.008176842205121425
0.12689871404788033 0.009019791040248882
0.13458827598943432 0.009849491137235749
0.1424271730546619 0.010662580928095383
0.1504126127009363 0.011458199228881008
0.15854195343901464 0.012235672628077577
0.16681269168581223 0.012993837968236313
0.1752224501656569 0.01373165213409712
0.18376896763311878 0.01444817791634267
0.1924500897298753 0.015142571580231379
0.2012637608196102 0.015814071917629225
0.21020801667040115 0.016461990593052166
0.2192809778747372 0.017085703621357532
0.22848084391422852 0.01768032824724537
0.23780588778999487 0.018247706665850634
0.24725445115124314 0.01878902972660388
0.2568249398641327 0.019303903080711327
0.26651581997104606 0.019791966758080367
0.2763256139971217 0.020252890984907984
0.2862528975665921 0.02068637249885387
0.29629629629629634 0.021086266479804487
0.30645448293783734 0.02145645209816283
0.31672617474336806 0.02179831668517544
0.32711013103299513 0.02211167406572015
0.3376051509443837 0.02239635127945733
0.3482100713473836 0.022652186962955546
0.3589237649084351 0.02287361775806325
0.36974513829120154 0.023063309927983763
0.3806731304813424 0.0232237986079125
0.3917067112246285 0.02335499467382657
0.4028448795687254 0.023456815045318966
0.41408666249996107 0.023529182310651507
0.4254311136672716 0.023564936792643817
0.4368773121862799 0.023570382233890585
0.4484243615171565 0.02354639338215348
0.4600713884105068 0.023492949009198804
0.47181754191607456 0.02341003326763134
0.4836619924495292 0.023296360481559274
0.4956039309130315 0.0231471489569397
0.5076425678656601 0.022968780252300907
0.5197771327401178 0.022761298063142553
0.5320068731024554 0.022524755081084945
0.5443310539518175 0.022259214388839446
0.5567489570574725 0.02196290258735694
0.5692598803306149 0.0216334340178367
0.5818631372286244 0.02127567317241362
0.594558056189662 0.020889768263010287
0.6073439800956417 0.02047588712099336
0.6202202657617758 0.02003422000278591
0.6331862834510237 0.019564982725557616
0.6462414164119045 0.019064242405331295
0.6593850604382495 0.018536449632676
0.6726166234495703 0.017982452068636343
0.6859355250908198 0.01740262258725805
0.6993411963504079 0.01679738003803035
0.712833079195415 0.01616719528969944
0.7264106262230219 0.01551259804563592
0.7400733003272381 0.01483409687752902
0.7538205743800791 0.014130348515393997
0.767651930926394 0.013404718329159574
0.7815668618916044 0.012658050793295461
0.7955648683016565 0.011891294415874365
0.8096454600145419 0.011105515670819908
0.8238081554627781 0.010301914987274934
0.8380524814062786 0.009481845164147804
0.852377972695084 0.008646832655213368
0.8667841720414476 0.007798602266200067
0.8812706298008143 0.006939105925269978
0.8958369037612439 0.006070556339009764
0.9104825589408702 0.005195466536503255
0.9252071673930039 0.004316696546252078
0.9400103080185115 0.003437508760758134
0.9548915663851267 0.002561633943282198
0.9698505345533667 0.001693350350412523
0.9848868109087459 0.0008375791236210283
1.0 0.0
