airfoil_13_0010
1.0 0.0
0.9848868109087459 0.005288544793824307
0.9698505345533667 0.010433444779587766
0.9548915663851267 0.01543455712250593
0.9400103080185115 0.020291863604742087
0.9252071673930039 0.02500546796706445
0.9104825589408702 0.029575592926864406
0.8958369037612439 0.03400257689904636
0.8812706298008143 0.038286870446952836
0.8667841720414476 0.04242903249088897
0.852377972695084 0.046429726301976525
0.8380524814062786 0.05028971530899991
0.8238081554627781 0.05400985874563264
0.8096454600145419 0.05759110716495802
0.7955648683016565 0.061034497847544486
0.7815668618916044 0.06434115012852275
0.767651930926394 0.0675122606681519
0.7538205743800791 0.0705490986892819
0.7400733003272381 0.07345300120392996
0.7264106262230219 0.07622536824991444
0.712833079195415 0.07886765815714467
0.6993411963504079 0.08138138286176913
0.6859355250908198 0.08376810328495024
0.6726166234495703 0.08602942479158229
0.6593850604382495 0.08816699274280851
0.6462414164119045 0.09018248815473878
0.6331862834510237 0.09207762347433654
0.6202202657617758 0.09385413848203433
0.6073439800956417 0.09551279779725354
0.594558056189662 0.09705449567149284
0.5818631372286244 0.0984827060315169
0.5692598803306149 0.0997992446583039
0.5567489570574725 0.10100593668440969
0.5443310539518175 0.10210461329475877
0.5320068731024554 0.10309710858480106
0.5197771327401178 0.10398525657647631
0.5076425678656601 0.10477088839147752
0.4956039309130315 0.105455829580417
0.4836619924495292 0.10604189760567577
0.47181754191607456 0.10653089947495353
0.4600713884105068 0.10692462952182968
0.4484243615171565 0.10722486732899478
0.4368773121862799 0.10743337578920623
0.4254311136672716 0.10755189929846236
0.41408666249996107 0.1075821620753643
0.4028448795687254 0.1075258666001412
0.3917067112246285 0.10738469216634318
0.3806731304813424 0.10716029353774742
0.36974513829120154 0.10685429970256821
0.3589237649084351 0.10646517005258617
0.3482100713473836 0.10599404228884418
0.3376051509443837 0.10544594634574589
0.32711013103299513 0.10482239586493175
0.31672617474336806 0.10412487226717698
0.30645448293783734 0.1033548237974164
0.29629629629629634 0.10251366459044882
0.2862528975665921 0.10160277374292462
0.2763256139971217 0.10062349437586862
0.26651581997104606 0.09957713267037868
0.2568249398641327 0.09846495685720964
0.24725445115124314 0.09728819613862477
0.23780588778999487 0.09604803951808126
0.22848084391422852 0.09474218792807743
0.2192809778747372 0.09337084641155442
0.21020801667040115 0.09193932703856093
0.2012637608196102 0.09044862836761751
0.1924500897298753 0.0888996984204498
0.18376896763311878 0.08729343210372098
0.1752224501656569 0.08563066821382607
0.16681269168581223 0.08391218593961967
0.15854195343901464 0.08213870076038968
0.1504126127009363 0.0803108596143398
0.1424271730546619 0.07842923518499666
0.13458827598943432 0.07649431911757389
0.12689871404788033 0.0745065139320734
0.11936144579814084 0.07246250271939014
0.11197961297015549 0.07036251709229766
0.10475656017578483 0.06821021524277819
0.09769585773645055 0.06600554112771244
0.09080132827787774 0.06374828628378364
0.08407707793119629 0.06143806785579017
0.07752753322022198 0.059074301862080465
0.07115748504132687 0.05665617050292302
0.06497214159251473 0.05418258198179503
0.05897719273950932 0.0516521208773377
0.05317888920840895 0.04906298655579017
0.0475841413101678 0.0464129164410796
0.04220064386804796 0.043699090189711916
0.03703703703703704 0.04091801007995756
0.032103117483016586 0.03806535261876152
0.02741012223434215 0.03513578759038196
0.022971120954139848 0.03212276642990692
0.01880157658761704 0.029018299707354443
0.014920180724767605 0.025800371494296787
0.011350166034734717 0.022421437802064143
0.008121517699064341 0.018883928028853438
0.005275080483505995 0.015158799023709276
0.002871390119267481 0.011122588500528762
0.0010151897123830426 0.0064913333472084046
0.0 0.0
0.0 0.0
0.0010151897123830426 -0.0027536040791446693
0.002871390119267481 -0.003944487204292556
0.005275080483505995 -0.004600782872444877
0.008121517699064341 -0.00489864892037103
0.011350166034734717 -0.0049735731218412795
0.014920180724767605 -0.00485184287105734
0.01880157658761704 -0.004597917872041584
0.022971120954139848 -0.0042240436122030905
0.02741012223434215 -0.0037586028607761927
0.032103117483016586 -0.0032203760813842635
0.03703703703703704 -0.0026214143305340696
0.04220064386804796 -0.0019715926786308224
0.0475841413101678 -0.0012806948706181448
0.05317888920840895 -0.0005575822254249786
0.05897719273950932 0.00019130114963222854
0.06497214159251473 0.0009602918774780043
0.07115748504132687 0.001744402740411411
0.07752753322022198 0.0025392328628696774
0.08407707793119629 0.0033408906807885206
0.09080132827787774 0.004145927861851364
0.09769585773645055 0.0049512825482439194
0.10475656017578483 0.005754230515372692
0.11197961297015549 0.006552343049171756
0.11936144579814084 0.007343450530650676
0.12689871404788033 0.00812561087676121
0.13458827598943432 0.008897082122639894
0.1424271730546619 0.009656298544430437
0.1504126127009363 0.010401849817212492
0.15854195343901464 0.01113246278197787
0.16681269168581223 0.011845902621894354
0.1752224501656569 0.01253936701956508
0.18376896763311878 0.013214309560836546
0.1924500897298753 0.013869892748983375
0.2012637608196102 0.014505355080077291
0.21020801667040115 0.015120002146040559
0.2192809778747372 0.015713198785154838
0.22848084391422852 0.01628436214925315
0.23780588778999487 0.016832305117651523
0.24725445115124314 0.017351669152483186
0.2568249398641327 0.017847245312984397
0.26651581997104606 0.018318643122901632
0.2763256139971217 0.018765499747016943
0.2862528975665921 0.019187476609973324
0.29629629629629634 0.019584256420140733
0.30645448293783734 0.019951472058377762
0.31672617474336806 0.020289703169279853
0.32711013103299513 0.020601812860658653
0.3376051509443837 0.020887582754508756
0.3482100713473836 0.02114680489184331
0.3589237649084351 0.021379280470226237
0.36974513829120154 0.02158028005258837
0.3806731304813424 0.021751144315066615
0.3917067112246285 0.021894785283798214
0.4028448795687254 0.022011066217313024
0.41408666249996107 0.02209985521269787
0.4254311136672716 0.022161025005359786
0.4368773121862799 0.02218826756505759
0.4484243615171565 0.02218658936469516
0.4600713884105068 0.02215715159731299
0.47181754191607456 0.02209987706566979
0.4836619924495292 0.022014693530399806
0.4956039309130315 0.02190133195680136
0.5076425678656601 0.021753418732765557
0.5197771327401178 0.02157772337692015
0.5320068731024554 0.02137422879540428
0.5443310539518175 0.021142926819006237
0.5567489570574725 0.020883819669115598
0.5692598803306149 0.020596921617940377
0.5818631372286244 0.02027722269188652
0.594558056189662 0.019929675223880138
0.6073439800956417 0.019554897791954653
0.6202202657617758 0.019152994572652893
0.6331862834510237 0.01872409264429968
0.6462414164119045 0.018268345283582472
0.6593850604382495 0.01778593567065524
0.6726166234495703 0.017273700065690668
0.6859355250908198 0.016735405146241104
0.6993411963504079 0.016171701297818645
0.712833079195415 0.015582946065052056
0.7264106262230219 0.014969551219774304
0.7400733003272381 0.014331990161293651
0.7538205743800791 0.013670806345865405
0.767651930926394 0.01298662291848833
0.7815668618916044 0.012280153754554327
0.7955648683016565 0.011552216161120257
0.8096454600145419 0.01080374553968607
0.8238081554627781 0.010035659007016563
0.8380524814062786 0.00924924167995889
0.852377972695084 0.008446220545885499
0.8667841720414476 0.007628134296090186
0.8812706298008143 0.006796741723014798
0.8958369037612439 0.005953926930122916
0.9104825589408702 0.0051022357430551115
0.9252071673930039 0.004244537337026622
0.9400103080185115 0.0033840834435239567
0.9548915663851267 0.002524642598056243
0.9698505345533667 0.0016705956945960913
0.9848868109087459 0.0008270532012547032
1.0 0.0
