airfoil_13_0002
1.0 0.0
0.9848868109087459 0.005143882132241493
0.9698505345533667 0.010156243206000833
0.9548915663851267 0.015036240895013032
0.9400103080185115 0.019783175303793827
0.9252071673930039 0.024396488604636453
0.9104825589408702 0.028875764086393002
0.8958369037612439 0.03322072463898521
0.8812706298008143 0.03743123070106919
0.8667841720414476 0.04150727770133373
0.852377972695084 0.04544899302653613
0.8380524814062786 0.04925663255154751
0.8238081554627781 0.05293057676840337
0.8096454600145419 0.056471326552629805
0.7955648683016565 0.05987949860595247
0.7815668618916044 0.0631558206149161
0.767651930926394 0.06630112616495831
0.7538205743800791 0.06931634944912912
0.7400733003272381 0.07220251980994431
0.7264106262230219 0.07496075615184764
0.712833079195415 0.077592261260462
0.6993411963504079 0.08009831606326727
0.6859355250908198 0.08248027386459247
0.6726166234495703 0.08473955458588169
0.6593850604382495 0.08687763904012653
0.6462414164119045 0.0888960632671803
0.6331862834510237 0.09079641295442002
0.6202202657617758 0.09258031796492355
0.6073439800956417 0.09424944699301428
0.594558056189662 0.09580550236471803
0.5818631372286244 0.09725021499839667
0.5692598803306149 0.09858533953859534
0.5567489570574725 0.09981264967397759
0.5443310539518175 0.10093393364814145
0.5320068731024554 0.10195098997012303
0.5197771327401178 0.1028656233295092
0.5076425678656601 0.10367964071930665
0.4956039309130315 0.10439484776805338
0.4836619924495292 0.10501304528111616
0.47181754191607456 0.10553602598969064
0.4600713884105068 0.10596483796045934
0.4484243615171565 0.10629850877024408
0.4368773121862799 0.10654206309634483
0.4254311136672716 0.10669723708878176
0.41408666249996107 0.10676574491489281
0.4028448795687254 0.10674927653305576
0.3917067112246285 0.10664949563208913
0.3806731304813424 0.10646803772660765
0.36974513829120154 0.10620650839786226
0.3589237649084351 0.10586648166888045
0.3482100713473836 0.10544949850202474
0.3376051509443837 0.10495706540638688
0.32711013103299513 0.1043906531417108
0.31672617474336806 0.10375169550476573
0.30645448293783734 0.10304158818324516
0.29629629629629634 0.1022616876613135
0.2862528975665921 0.10141331015982781
0.2763256139971217 0.1004915390431163
0.26651581997104606 0.09950266291917464
0.2568249398641327 0.09844882922977224
0.24725445115124314 0.09733116757755
0.23780588778999487 0.09615075923309828
0.22848084391422852 0.09490863562918977
0.2192809778747372 0.09360577669264816
0.21020801667040115 0.09224310897093854
0.2012637608196102 0.09082150350377177
0.1924500897298753 0.08934177338161724
0.18376896763311878 0.08780467092259304
0.1752224501656569 0.08621088438620075
0.16681269168581223 0.08455420296102101
0.15854195343901464 0.08284013969710449
0.1504126127009363 0.08107076858478082
0.1424271730546619 0.07924644453516291
0.13458827598943432 0.07736742824215377
0.12689871404788033 0.07543387717947662
0.11936144579814084 0.07344583484059003
0.11197961297015549 0.07140321782109409
0.10475656017578483 0.06930580023632865
0.09769585773645055 0.06715319482601712
0.09080132827787774 0.06494482991061472
0.08407707793119629 0.06267992111291908
0.07752753322022198 0.060357436418391266
0.07115748504132687 0.057976052682278144
0.06497214159251473 0.05553127034426295
0.05897719273950932 0.05302126675075017
0.05317888920840895 0.05044683071609242
0.0475841413101678 0.04780511004273618
0.04220064386804796 0.045092630508449194
0.03703703703703704 0.04230516346245419
0.032103117483016586 0.03943756105685774
0.02741012223434215 0.03648355416206892
0.022971120954139848 0.03342445855452281
0.01880157658761704 0.03024704792873995
0.014920180724767605 0.026939925408718594
0.011350166034734717 0.023482212264767797
0.008121517699064341 0.01984715068986811
0.005275080483505995 0.01600231058072943
0.002871390119267481 0.0117432454604953
0.0010151897123830426 0.0069117163660828975
0.0 0.0
0.0 0.0
0.0010151897123830426 -0.0034088819281923345
0.002871390119267481 -0.004973076703438825
0.005275080483505995 -0.005919388189949516
0.008121517699064341 -0.0064345982275580225
0.011350166034734717 -0.0066900829539301284
0.014920180724767605 -0.006719951615357708
0.01880157658761704 -0.006593919448815364
0.022971120954139848 -0.006318079826562158
0.02741012223434215 -0.00593760134295806
0.032103117483016586 -0.005468807806319938
0.03703703703703704 -0.004925113810962695
0.04220064386804796 -0.004315555276937542
0.0475841413101678 -0.003655636180060988
0.05317888920840895 -0.00295368996870764
0.05897719273950932 -0.0022170439244505605
0.06497214159251473 -0.001452151279462901
0.07115748504132687 -0.0006647062550211534
0.07752753322022198 0.0001402564834813516
0.08407707793119629 0.0009582761252393576
0.09080132827787774 0.0017853919372087372
0.09769585773645055 0.0026180797268676886
0.10475656017578483 0.003453197054717887
0.11197961297015549 0.004287935908047031
0.11936144579814084 0.005119781735388272
0.12689871404788033 0.005946477908010845
0.13458827598943432 0.006765994819062273
0.1424271730546619 0.007576502953807099
0.1504126127009363 0.008376349368038986
0.15854195343901464 0.00916403709875788
0.16681269168581223 0.009938207104097674
0.1752224501656569 0.010697622390516514
0.18376896763311878 0.011438025700741816
0.1924500897298753 0.012160163905774447
0.2012637608196102 0.012863995412803933
0.21020801667040115 0.013548677782752318
0.2192809778747372 0.01421343646368482
0.22848084391422852 0.014857556887643066
0.23780588778999487 0.015480377473232991
0.24725445115124314 0.016081283424138625
0.2568249398641327 0.016653497485470604
0.26651581997104606 0.017202230938795512
0.2763256139971217 0.017727174260376604
0.2862528975665921 0.01822788802760466
0.29629629629629634 0.01870395711862416
0.30645448293783734 0.019154987635771486
0.31672617474336806 0.019576425059267297
0.32711013103299513 0.019968690199470764
0.3376051509443837 0.02033472399902459
0.3482100713473836 0.020674229889794622
0.3589237649084351 0.02098692097748671
0.36974513829120154 0.021272518651468078
0.3806731304813424 0.02152556204926126
0.3917067112246285 0.02174822899226506
0.4028448795687254 0.021943041067141508
0.41408666249996107 0.022109776251194087
0.4254311136672716 0.02224821560650385
0.4368773121862799 0.022358142896084926
0.4484243615171565 0.02243213359403235
0.4600713884105068 0.022476689523642405
0.47181754191607456 0.0224922725454947
0.4836619924495292 0.02247870582530804
0.4956039309130315 0.022435814279358385
0.5076425678656601 0.022362549931897735
0.5197771327401178 0.02225328239568796
0.5320068731024554 0.02211444691471263
0.5443310539518175 0.021945906785679013
0.5567489570574725 0.02174752917096723
0.5692598803306149 0.021519186099950936
0.5818631372286244 0.0212607556158447
0.594558056189662 0.0209662098781802
0.6073439800956417 0.02064153389693287
0.6202202657617758 0.020286844578365635
0.6331862834510237 0.01990207925633821
0.6462414164119045 0.019487188667493136
0.6593850604382495 0.019042139305377098
0.6726166234495703 0.01856691607067257
0.6859355250908198 0.018057860509517316
0.6993411963504079 0.017518531585795052
0.712833079195415 0.016949584863669705
0.7264106262230219 0.016351122570270677
0.7400733003272381 0.01572328258291103
0.7538205743800791 0.015066243763168256
0.767651930926394 0.014380232039716407
0.7815668618916044 0.013665527367700858
0.7955648683016565 0.012922471718303305
0.8096454600145419 0.012151478283984541
0.8238081554627781 0.011353042124303893
0.8380524814062786 0.010527752526257058
0.852377972695084 0.009676307414442134
0.8667841720414476 0.008799530223605074
0.8812706298008143 0.007898389743930027
0.8958369037612439 0.006974023574108765
0.9104825589408702 0.006027765977198184
0.9252071673930039 0.005061181141033159
0.9400103080185115 0.0040761031142185575
0.9548915663851267 0.003074684042203187
0.9698505345533667 0.0020594527959707587
0.9848868109087459 0.0010333867112592853
1.0 0.0
