airfoil_13_0014
1.0 0.0
0.9848868109087459 0.005224407828149964
0.9698505345533667 0.010295777193340024
0.9548915663851267 0.015215180076353044
0.9400103080185115 0.019983757053331164
0.9252071673930039 0.024602713778250813
0.9104825589408702 0.029073317442805773
0.8958369037612439 0.03339646664734344
0.8812706298008143 0.037573654336282486
0.8667841720414476 0.041606438858368636
0.852377972695084 0.045496295123966635
0.8380524814062786 0.04924474281660277
0.8238081554627781 0.052853342936620966
0.8096454600145419 0.0563236943943432
0.7955648683016565 0.05965743066113636
0.7815668618916044 0.0628562164860467
0.767651930926394 0.06592174468492643
0.7538205743800791 0.06885573300824986
0.7400733003272381 0.07165992109309997
0.7264106262230219 0.0743360675041075
0.712833079195415 0.07688594686744518
0.6993411963504079 0.07931134710132057
0.6859355250908198 0.08161406674577819
0.6726166234495703 0.08379591239401393
0.6593850604382495 0.0858586962268252
0.6462414164119045 0.08780423365126769
0.6331862834510237 0.08963434104407003
0.6202202657617758 0.09135083359986326
0.6073439800956417 0.092955523283821
0.594558056189662 0.09445021688787261
0.5818631372286244 0.09583671418924697
0.5692598803306149 0.09711680620972878
0.5567489570574725 0.0982922735736588
0.5443310539518175 0.0993648849623856
0.5320068731024554 0.10033639566257521
0.5197771327401178 0.10120854620550637
0.5076425678656601 0.10198306109422
0.4956039309130315 0.10266164761514945
0.4836619924495292 0.10324259149026838
0.47181754191607456 0.10372817127576885
0.4600713884105068 0.10412276855783413
0.4484243615171565 0.10442801514589888
0.4368773121862799 0.10464552017256529
0.4254311136672716 0.10477686927942902
0.41408666249996107 0.10482362385699792
0.4028448795687254 0.1047873203333267
0.3917067112246285 0.10466946950570948
0.3806731304813424 0.10447155590946394
0.36974513829120154 0.10419503721749326
0.3589237649084351 0.10384134366391767
0.3482100713473836 0.10341187748461511
0.3376051509443837 0.10290801236698423
0.32711013103299513 0.10232880053607814
0.31672617474336806 0.10167293526285663
0.30645448293783734 0.10094660203765077
0.29629629629629634 0.10015104986699688
0.2862528975665921 0.09928749514684068
0.2763256139971217 0.09835712091069866
0.26651581997104606 0.09736107600498486
0.2568249398641327 0.09630047417389327
0.24725445115124314 0.09517639303377559
0.23780588778999487 0.09398987291400834
0.22848084391422852 0.09274191553779239
0.2192809778747372 0.09143348251203359
0.21020801667040115 0.09006549359023953
0.2012637608196102 0.08863460273948684
0.1924500897298753 0.0871430011867582
0.18376896763311878 0.08559432454227434
0.1752224501656569 0.08398929286779397
0.16681269168581223 0.08232857033239913
0.15854195343901464 0.08061276110579457
0.1504126127009363 0.07884240455397776
0.1424271730546619 0.07701796960313013
0.13458827598943432 0.0751398481083081
0.12689871404788033 0.07320834702676714
0.11936144579814084 0.0712236791494021
0.11197961297015549 0.06918595208501209
0.10475656017578483 0.06709515511719572
0.09769585773645055 0.06495114345774694
0.09080132827787774 0.06275361929697781
0.08407707793119629 0.060502108891908164
0.07752753322022198 0.058195934726575534
0.07115748504132687 0.055834181510488884
0.06497214159251473 0.05341565443363778
0.05897719273950932 0.05093882764875289
0.05317888920840895 0.04840178038330915
0.0475841413101678 0.045802117384871874
0.04220064386804796 0.04313686960022355
0.03703703703703704 0.04040237021166254
0.032103117483016586 0.03759410080754042
0.02741012223434215 0.034706503662630124
0.022971120954139848 0.03173276181616725
0.01880157658761704 0.0286645668291724
0.014920180724767605 0.02549194688895869
0.011350166034734717 0.02220338023591467
0.008121517699064341 0.01869929722373891
0.005275080483505995 0.01499177930973495
0.002871390119267481 0.01105561616495829
0.0010151897123830426 0.00641793590621739
0.0 0.0
0.0 0.0
0.0010151897123830426 -0.002918776842629305
0.002871390119267481 -0.004160226406935581
0.005275080483505995 -0.004832661550177781
0.008121517699064341 -0.0051137009576698225
0.011350166034734717 -0.005156424839863301
0.014920180724767605 -0.004997505702048083
0.01880157658761704 -0.004698484081773622
0.022971120954139848 -0.004269427725576844
0.02741012223434215 -0.0037493525870645416
0.032103117483016586 -0.0031537747177464315
0.03703703703703704 -0.0024957256000248873
0.04220064386804796 -0.0017851272427642185
0.0475841413101678 -0.0010346823493338716
0.05317888920840895 -0.00025229417067975697
0.05897719273950932 0.0005551737852226474
0.06497214159251473 0.0013817125836506914
0.07115748504132687 0.0022220513265293414
0.07752753322022198 0.003071557355949169
0.08407707793119629 0.003926150889251818
0.09080132827787774 0.004782231965539653
0.09769585773645055 0.005636617840671982
0.10475656017578483 0.006486489231662593
0.11197961297015549 0.007329344055268526
0.11936144579814084 0.00816295751998081
0.12689871404788033 0.008985347614166611
0.13458827598943432 0.009794745187877965
0.1424271730546619 0.01058956795526204
0.1504126127009363 0.011368397852265674
0.15854195343901464 0.012129961273889283
0.16681269168581223 0.01287311178967455
0.1752224501656569 0.013593583291607191
0.18376896763311878 0.014292020950136142
0.1924500897298753 0.014968785842842941
0.2012637608196102 0.015623142225636375
0.21020801667040115 0.01625442326287559
0.2192809778747372 0.016862022679361984
0.22848084391422852 0.01744538741017594
0.23780588778999487 0.018004011124714583
0.24725445115124314 0.018531119771745933
0.2568249398641327 0.019031769777444134
0.26651581997104606 0.019506164580744965
0.2763256139971217 0.019953976699806385
0.2862528975665921 0.020374902352218296
0.29629629629629634 0.020768658401228525
0.30645448293783734 0.021130506555366364
0.31672617474336806 0.02146114288062106
0.32711013103299513 0.02176380868968821
0.3376051509443837 0.02203832159890322
0.3482100713473836 0.022284508872696257
0.3589237649084351 0.022502206223954307
0.36974513829120154 0.022685110197009802
0.3806731304813424 0.022837160875138648
0.3917067112246285 0.022960390255173345
0.4028448795687254 0.023054698376172352
0.41408666249996107 0.023119989890004303
0.4254311136672716 0.023155241810055023
0.4368773121862799 0.023154252520672474
0.4484243615171565 0.023124229164822197
0.4600713884105068 0.02306513135219938
0.47181754191607456 0.022976923876565476
0.4836619924495292 0.022859577507907434
0.4956039309130315 0.022709738762130303
0.5076425678656601 0.02252698878228723
0.5197771327401178 0.022315437460606637
0.5320068731024554 0.02207512129963495
0.5443310539518175 0.0218060885199514
0.5567489570574725 0.021508401013906518
0.5692598803306149 0.021179060698601874
0.5818631372286244 0.020818633377707594
0.594558056189662 0.020430327704083817
0.6073439800956417 0.020014308987074476
0.6202202657617758 0.019570769034009172
0.6331862834510237 0.019099930013979072
0.6462414164119045 0.01860204879952297
0.6593850604382495 0.018074211307691986
0.6726166234495703 0.017519656053055947
0.6859355250908198 0.01693963875437159
0.6993411963504079 0.01633461984301391
0.712833079195415 0.015705123160800423
0.7264106262230219 0.015051744668266642
0.7400733003272381 0.014375162372260913
0.7538205743800791 0.013676147680217191
0.767651930926394 0.012955578430051547
0.7815668618916044 0.012214412144908838
0.7955648683016565 0.011453050751924928
0.8096454600145419 0.010673949862861647
0.8238081554627781 0.009878539083439815
0.8380524814062786 0.009068444351157312
0.852377972695084 0.008245517418230198
0.8667841720414476 0.007411870496345162
0.8812706298008143 0.006569917157352844
0.8958369037612439 0.005722420857261611
0.9104825589408702 0.004872552803335288
0.9252071673930039 0.004024711233531893
0.9400103080185115 0.003183258118422637
0.9548915663851267 0.002353412096707303
0.9698505345533667 0.0015412747964094872
0.9848868109087459 0.0007539972964622817
1.0 0.0
