airfoil_18_0016
1.0 0.0
0.9848868109087459 0.005389346272888237
0.9698505345533667 0.010614293082566355
0.9548915663851267 0.015676000824321277
0.9400103080185115 0.020575715841043337
0.9252071673930039 0.025314766738641366
0.9104825589408702 0.0298945605854662
0.8958369037612439 0.03431657901465082
0.8812706298008143 0.03858237424796399
0.8667841720414476 0.04269356505935074
0.852377972695084 0.046651832695816166
0.8380524814062786 0.05045891677269709
0.8238081554627781 0.05411661115967912
0.8096454600145419 0.057626759873158906
0.7955648683016565 0.060991252989732715
0.7815668618916044 0.06421202259472768
0.767651930926394 0.06729103877878376
0.7538205743800791 0.07023030569456043
0.7400733003272381 0.07303185768468208
0.7264106262230219 0.0756977554910667
0.712833079195415 0.07823008255480787
0.6993411963504079 0.08063094141480588
0.6859355250908198 0.08290245021238236
0.6726166234495703 0.08504673930816414
0.6593850604382495 0.08706594801659671
0.6462414164119045 0.08896222146254579
0.6331862834510237 0.0907377075635758
0.6202202657617758 0.0923945541406567
0.6073439800956417 0.09393490615924864
0.594558056189662 0.09536090310195226
0.5818631372286244 0.09667467647318845
0.5692598803306149 0.09787834743568984
0.5567489570574725 0.09897402457794481
0.5443310539518175 0.09996380181113501
0.5320068731024554 0.10084975639354732
0.5197771327401178 0.10163394707992059
0.5076425678656601 0.10231822744558569
0.4956039309130315 0.1028994258411196
0.4836619924495292 0.10338487316485481
0.47181754191607456 0.10377654165478571
0.4600713884105068 0.1040763770318677
0.4484243615171565 0.10428629726507775
0.4368773121862799 0.1044081914321683
0.4254311136672716 0.10444391867032964
0.41408666249996107 0.10439530721064151
0.4028448795687254 0.10426415348985935
0.3917067112246285 0.10405222133274071
0.3806731304813424 0.10376124119776217
0.36974513829120154 0.10339290947869849
0.3589237649084351 0.10294888785412334
0.3482100713473836 0.10243080267643291
0.3376051509443837 0.10184024439147528
0.32711013103299513 0.10117608241789663
0.31672617474336806 0.10043867490843074
0.30645448293783734 0.09963335556442814
0.29629629629629634 0.09876155959544694
0.2862528975665921 0.09782468235580011
0.2763256139971217 0.09682407867076984
0.26651581997104606 0.09576106210469798
0.2568249398641327 0.0946369041526175
0.24725445115124314 0.0934528333347705
0.23780588778999487 0.09221003417056817
0.22848084391422852 0.09090964600517704
0.2192809778747372 0.0895527616578331
0.21020801667040115 0.08814042585602086
0.2012637608196102 0.08667363341359857
0.1924500897298753 0.0851472141103083
0.18376896763311878 0.08356790958851006
0.1752224501656569 0.08193680528782248
0.16681269168581223 0.08025466053248041
0.15854195343901464 0.0785221697494072
0.1504126127009363 0.07673995796036055
0.1424271730546619 0.07490857547118092
0.13458827598943432 0.07302849160041751
0.12689871404788033 0.07110008725440782
0.11936144579814084 0.0691236461114803
0.11197961297015549 0.06709934412164252
0.10475656017578483 0.06502723695635945
0.09769585773645055 0.06290724495112322
0.09080132827787774 0.06073913496527125
0.08407707793119629 0.05852249843074733
0.07752753322022198 0.05625672466354485
0.07115748504132687 0.05394096825468129
0.06497214159251473 0.05157410902464351
0.05897719273950932 0.0491547025964462
0.05317888920840895 0.04668091909817679
0.0475841413101678 0.04415046683624187
0.04220064386804796 0.041560497010412964
0.03703703703703704 0.03890748479521277
0.032103117483016586 0.036187081774677776
0.02741012223434215 0.03339393585133216
0.022971120954139848 0.030521480187024403
0.01880157658761704 0.027561710074509176
0.014920180724767605 0.02450501698165973
0.011350166034734717 0.021336403977299582
0.008121517699064341 0.01795907265376332
0.005275080483505995 0.014399159045675593
0.002871390119267481 0.010608087050498101
0.0010151897123830426 0.006163957829824463
0.0 0.0
0.0 0.0
0.0010151897123830426 -0.0034010435864348597
0.002871390119267481 -0.0049600083721798105
0.005275080483505995 -0.005898363537498228
0.008121517699064341 -0.006415843698255291
0.011350166034734717 -0.0066761093451110365
0.014920180724767605 -0.006705382765276002
0.01880157658761704 -0.006580168161991033
0.022971120954139848 -0.006312765663548407
0.02741012223434215 -0.005934989429266396
0.032103117483016586 -0.0054694672653969375
0.03703703703703704 -0.004929612925797802
0.04220064386804796 -0.004326938313240534
0.0475841413101678 -0.0036700605692281587
0.05317888920840895 -0.002970851898414202
0.05897719273950932 -0.0022364802858478093
0.06497214159251473 -0.0014732516844347386
0.07115748504132687 -0.0006867250864571569
0.07752753322022198 0.00011818819031740021
0.08407707793119629 0.0009371391042757849
0.09080132827787774 0.0017662675032087986
0.09769585773645055 0.002602139031421953
0.10475656017578483 0.003441690817570071
0.11197961297015549 0.00428218463812519
0.11936144579814084 0.005121166444033805
0.12689871404788033 0.00595643130841984
0.13458827598943432 0.006785992999947488
0.1424271730546619 0.007608057511094109
0.1504126127009363 0.008419191454380906
0.15854195343901464 0.00921813714372733
0.16681269168581223 0.01000461445406217
0.1752224501656569 0.010777416628099773
0.18376896763311878 0.01153544213370939
0.1924500897298753 0.012277681981976003
0.2012637608196102 0.01300320857878903
0.21020801667040115 0.013711165907542514
0.2192809778747372 0.014399277548032241
0.22848084391422852 0.015063721752088883
0.23780588778999487 0.015707986566477497
0.24725445115124314 0.016331462933540392
0.2568249398641327 0.016933578672538856
0.26651581997104606 0.017513793647186165
0.2763256139971217 0.01807159548732326
0.2862528975665921 0.018600396542140102
0.29629629629629634 0.01910426553640604
0.30645448293783734 0.019584107272200408
0.31672617474336806 0.020039523947124604
0.32711013103299513 0.020470129407306668
0.3376051509443837 0.02087535172309953
0.3482100713473836 0.021246967961222257
0.3589237649084351 0.0215925731759557
0.36974513829120154 0.02191184481999233
0.3806731304813424 0.022204462729625726
0.3917067112246285 0.022470108090977124
0.4028448795687254 0.022704367748144688
0.41408666249996107 0.02290665368840333
0.4254311136672716 0.02308106531488814
0.4368773121862799 0.023227312725492798
0.4484243615171565 0.023345103013380688
0.4600713884105068 0.023434139963524094
0.47181754191607456 0.023486137979170152
0.4836619924495292 0.02350869428186955
0.4956039309130315 0.023501773449634035
0.5076425678656601 0.023465091486790823
0.5197771327401178 0.023398359768420175
0.5320068731024554 0.02329924412464273
0.5443310539518175 0.02316411521498088
0.5567489570574725 0.02299832157155063
0.5692598803306149 0.02280158203917219
0.5818631372286244 0.022573611478943545
0.594558056189662 0.022314121319060853
0.6073439800956417 0.022022610992307522
0.6202202657617758 0.021693089551257913
0.6331862834510237 0.02133154280336718
0.6462414164119045 0.020937694600535975
0.6593850604382495 0.02051126850752722
0.6726166234495703 0.020051988954927123
0.6859355250908198 0.019559582536200708
0.6993411963504079 0.019033779470916255
0.712833079195415 0.01847346500851277
0.7264106262230219 0.017876541161301242
0.7400733003272381 0.017245920573601317
0.7538205743800791 0.016581377181743292
0.767651930926394 0.015882697870933892
0.7815668618916044 0.015149685530785337
0.7955648683016565 0.014382162579819696
0.8096454600145419 0.0135799750507574
0.8238081554627781 0.012742997349595936
0.8380524814062786 0.011871137828316019
0.852377972695084 0.01096434534523661
0.8667841720414476 0.010022617030894292
0.8812706298008143 0.009046007533984792
0.8958369037612439 0.008034640095680076
0.9104825589408702 0.006988719897465137
0.9252071673930039 0.005908550255824639
0.9400103080185115 0.004794457600362914
0.9548915663851267 0.0036436719270918965
0.9698505345533667 0.002460235906264874
0.9848868109087459 0.0012452225264795705
1.0 0.0
