airfoil_26_0016
1.0 0.0
0.9848868109087459 0.005743892797077219
0.9698505345533667 0.011320829757571024
0.9548915663851267 0.016730683322909348
0.9400103080185115 0.021973495619425923
0.9252071673930039 0.02704947597599854
0.9104825589408702 0.03195899780369619
0.8958369037612439 0.036702594875423995
0.8812706298008143 0.041280957046806316
0.8667841720414476 0.04569492546225421
0.852377972695084 0.049945487292316716
0.8380524814062786 0.05403377005001579
0.8238081554627781 0.057961035534922975
0.8096454600145419 0.06172867345426979
0.7955648683016565 0.06533819477041247
0.7815668618916044 0.06879122482353263
0.767651930926394 0.07208949627757243
0.7538205743800791 0.0752348419361246
0.7400733003272381 0.07822918747335642
0.7264106262230219 0.0810745441230907
0.712833079195415 0.08377300136694088
0.6993411963504079 0.0863267196599394
0.6859355250908198 0.08873792322946245
0.6726166234495703 0.09100889298047378
0.6593850604382495 0.09314195953723423
0.6462414164119045 0.09513949644868375
0.6331862834510237 0.0970039135817425
0.6202202657617758 0.09873765072382489
0.6073439800956417 0.10034317141294709
0.594558056189662 0.10182295701096361
0.5818631372286244 0.10317950103270952
0.5692598803306149 0.10441530374117884
0.5567489570574725 0.10553286701634748
0.5443310539518175 0.10653468950286409
0.5320068731024554 0.1074232620395996
0.5197771327401178 0.10820106337196542
0.5076425678656601 0.10887055614599078
0.4956039309130315 0.10943418318139175
0.4836619924495292 0.1098943640192656
0.47181754191607456 0.11025349173860421
0.4600713884105068 0.11051066121257938
0.4484243615171565 0.11067030670323132
0.4368773121862799 0.11073572278222742
0.4254311136672716 0.1107091766743061
0.41408666249996107 0.11059289616272053
0.4028448795687254 0.1103890677088832
0.3917067112246285 0.11009983477289517
0.3806731304813424 0.10972729632178017
0.36974513829120154 0.10927350551170523
0.3589237649084351 0.10874046852997908
0.3482100713473836 0.10813014358215735
0.3376051509443837 0.10744444000913066
0.32711013103299513 0.10668521751860648
0.31672617474336806 0.10585428551489448
0.30645448293783734 0.10495340251034052
0.29629629629629634 0.103984275601096
0.2862528975665921 0.10294766392925658
0.2763256139971217 0.10183987327636515
0.26651581997104606 0.10066854142383007
0.2568249398641327 0.09943515255098037
0.24725445115124314 0.09814113464307048
0.23780588778999487 0.09678785876854819
0.22848084391422852 0.09537663824566012
0.2192809778747372 0.09390872766299439
0.21020801667040115 0.09238532171372561
0.2012637608196102 0.09080755379732401
0.1924500897298753 0.08917649433502185
0.18376896763311878 0.08749314873600567
0.1752224501656569 0.08575845493962457
0.16681269168581223 0.08396526762567276
0.15854195343901464 0.0821221546664254
0.1504126127009363 0.08022986123424374
0.1424271730546619 0.07828898689948288
0.13458827598943432 0.07630003881475601
0.12689871404788033 0.07426342404960996
0.11936144579814084 0.07217944032451669
0.11197961297015549 0.07004826478035742
0.10475656017578483 0.06786994032230248
0.09769585773645055 0.06564435894875982
0.09080132827787774 0.0633712413055616
0.08407707793119629 0.06105011147676567
0.07752753322022198 0.05868026571347619
0.07115748504132687 0.05626073337790051
0.06497214159251473 0.05378629074153529
0.05897719273950932 0.05125811360296947
0.05317888920840895 0.048675930879330594
0.0475841413101678 0.046037382777465406
0.04220064386804796 0.043339547330671566
0.03703703703703704 0.0405788218055289
0.032103117483016586 0.03775077541268453
0.02741012223434215 0.03484996937399225
0.022971120954139848 0.0318607384854477
0.01880157658761704 0.028768704204887037
0.014920180724767605 0.025565134560265934
0.011350166034734717 0.022231306849021287
0.008121517699064341 0.01874321336308442
0.005275080483505995 0.01507187765062334
0.002871390119267481 0.011029964026057451
0.0010151897123830426 0.00647044009367611
0.0 0.0
0.0 0.0
0.0010151897123830426 -0.003718384259889329
0.002871390119267481 -0.005486664197644702
0.005275080483505995 -0.0066068669518507765
0.008121517699064341 -0.007275974967909015
0.011350166034734717 -0.007674112534151923
0.014920180724767605 -0.007833130065725611
0.01880157658761704 -0.00782897150308987
0.022971120954139848 -0.0076665833880448266
0.02741012223434215 -0.00739252290286918
0.032103117483016586 -0.007024671027645268
0.03703703703703704 -0.006576983910705549
0.04220064386804796 -0.006057470107315246
0.0475841413101678 -0.005483125136443384
0.05317888920840895 -0.00486271538922794
0.05897719273950932 -0.004203787188245167
0.06497214159251473 -0.003512997761109426
0.07115748504132687 -0.002796230170715202
0.07752753322022198 -0.00205869321795785
0.08407707793119629 -0.0013050078808949416
0.09080132827787774 -0.0005392819637489123
0.09769585773645055 0.0002348254503011214
0.10475656017578483 0.0010140483048683712
0.11197961297015549 0.0017954653750566034
0.11936144579814084 0.00257645848540744
0.12689871404788033 0.0033546762138915377
0.13458827598943432 0.004128002294053982
0.1424271730546619 0.004894528047386795
0.1504126127009363 0.005652528280067227
0.15854195343901464 0.006400440164442689
0.16681269168581223 0.007136844698245333
0.1752224501656569 0.00786045039553988
0.18376896763311878 0.008567528064469278
0.1924500897298753 0.009258038668733717
0.2012637608196102 0.009932069477076099
0.21020801667040115 0.010588741001589583
0.2192809778747372 0.011227245699703866
0.22848084391422852 0.011846839806068252
0.23780588778999487 0.012446836097102985
0.24725445115124314 0.013026597475917494
0.2568249398641327 0.013580563324824014
0.26651581997104606 0.014111944016190555
0.2763256139971217 0.014621164588632397
0.2862528975665921 0.015107775519133376
0.29629629629629634 0.015571354256948274
0.30645448293783734 0.016011502037339156
0.31672617474336806 0.016425149810108265
0.32711013103299513 0.016810253732285976
0.3376051509443837 0.01717073218410647
0.3482100713473836 0.01750629423430787
0.3589237649084351 0.01781666091171292
0.36974513829120154 0.01810156378621264
0.3806731304813424 0.018357466968663687
0.3917067112246285 0.018583254539864254
0.4028448795687254 0.01878286092080069
0.41408666249996107 0.018956084590804764
0.4254311136672716 0.019102729456935787
0.4368773121862799 0.01922260452029825
0.4484243615171565 0.019310650889479017
0.4600713884105068 0.01936923733406357
0.47181754191607456 0.019400686573062872
0.4836619924495292 0.019404858786345274
0.4956039309130315 0.019381618799129353
0.5076425678656601 0.019330836592651765
0.5197771327401178 0.01924691824389937
0.5320068731024554 0.019134241614856135
0.5443310539518175 0.018993969511255638
0.5567489570574725 0.018826027446981832
0.5692598803306149 0.018630349949954602
0.5818631372286244 0.018406882021207355
0.594558056189662 0.018152229088662472
0.6073439800956417 0.017867794022752972
0.6202202657617758 0.0175558777634439
0.6331862834510237 0.01721650701174853
0.6462414164119045 0.01684972844113265
0.6593850604382495 0.016455611655481265
0.6726166234495703 0.016034252518093466
0.6859355250908198 0.015584373568805217
0.6993411963504079 0.015105516557327897
0.712833079195415 0.01460035667192439
0.7264106262230219 0.014069145828839264
0.7400733003272381 0.013512183949940028
0.7538205743800791 0.012929825637212365
0.767651930926394 0.012322487778572987
0.7815668618916044 0.011690658241893534
0.7955648683016565 0.01103490584542559
0.8096454600145419 0.010355891831259637
0.8238081554627781 0.009654383115907824
0.8380524814062786 0.008931267650989314
0.852377972695084 0.008187572300466949
0.8667841720414476 0.007424483733067877
0.8812706298008143 0.006643372944871348
0.8958369037612439 0.005845824174823598
0.9104825589408702 0.005033669164866609
0.9252071673930039 0.004209027959590539
0.9400103080185115 0.0033743577557517274
0.9548915663851267 0.0025325117242747937
0.9698505345533667 0.0016868102706887296
0.9848868109087459 0.0008411279223169992
1.0 0.0
