airfoil_26_0007
1.0 0.0
0.9848868109087459 0.005557791904223814
0.9698505345533667 0.010962701315636763
0.9548915663851267 0.016214304902014434
0.9400103080185115 0.021312326970090917
0.9252071673930039 0.026256638616241078
0.9104825589408702 0.031047023041497927
0.8958369037612439 0.03568359022454688
0.8812706298008143 0.04016685174032029
0.8667841720414476 0.044497270352994056
0.852377972695084 0.04867544283384618
0.8380524814062786 0.05270209586791256
0.8238081554627781 0.056578081584564295
0.8096454600145419 0.06030437275054755
0.7955648683016565 0.06388205766471572
0.7815668618916044 0.06731233479397594
0.767651930926394 0.07059650718988598
0.7538205743800791 0.0737359767248986
0.7400733003272381 0.07673223818648199
0.7264106262230219 0.07958687326627975
0.712833079195415 0.082301544480141
0.6993411963504079 0.0848779890532834
0.6859355250908198 0.08731801280308218
0.6726166234495703 0.08962348405004093
0.6593850604382495 0.09179632758542712
0.6462414164119045 0.0938385187218758
0.6331862834510237 0.09575207745101612
0.6202202657617758 0.09753846797699868
0.6073439800956417 0.09919923842246192
0.594558056189662 0.10073744339607683
0.5818631372286244 0.1021552268648562
0.5692598803306149 0.10345475142588033
0.5567489570574725 0.10463819337465734
0.5443310539518175 0.10570773798108114
0.5320068731024554 0.10666557498023393
0.5197771327401178 0.10751389428330342
0.5076425678656601 0.10825488191200956
0.4956039309130315 0.10889071615817011
0.4836619924495292 0.10942356396838165
0.47181754191607456 0.10985557755225354
0.4600713884105068 0.11018889121120753
0.4484243615171565 0.11042561838354373
0.4368773121862799 0.11056784890026762
0.4254311136672716 0.11061764644507137
0.41408666249996107 0.11057704621085489
0.4028448795687254 0.11044805274425211
0.3917067112246285 0.11023263796878394
0.3806731304813424 0.1099327393764816
0.36974513829120154 0.10955025837709806
0.3589237649084351 0.10908705879333847
0.3482100713473836 0.10854496548987502
0.3376051509443837 0.10792576312325121
0.32711013103299513 0.10722696344783496
0.31672617474336806 0.10645233305355954
0.30645448293783734 0.10560559416484969
0.29629629629629634 0.10468835412058879
0.2862528975665921 0.10370217330495549
0.2763256139971217 0.10264856418317224
0.26651581997104606 0.10152899033547037
0.2568249398641327 0.1003448654660376
0.24725445115124314 0.09909755236138064
0.23780588778999487 0.09778836176970705
0.22848084391422852 0.09641855116948204
0.2192809778747372 0.09498932339109484
0.21020801667040115 0.09350182505038357
0.2012637608196102 0.09195478507854847
0.1924500897298753 0.09034634639935692
0.18376896763311878 0.08868257753876493
0.1752224501656569 0.08696435622515436
0.16681269168581223 0.08519248901564709
0.15854195343901464 0.08336770717981032
0.1504126127009363 0.08149066182049752
0.1424271730546619 0.07956191807211359
0.13458827598943432 0.07758194818018899
0.12689871404788033 0.07555112321958254
0.11936144579814084 0.07346970314866315
0.11197961297015549 0.0713378248190311
0.10475656017578483 0.06915548745865112
0.09769585773645055 0.06692253501224558
0.09080132827787774 0.06463549558764911
0.08407707793119629 0.06229357513508587
0.07752753322022198 0.05989954381389763
0.07115748504132687 0.057452436903285116
0.06497214159251473 0.05495099690321022
0.05897719273950932 0.05239362198951178
0.05317888920840895 0.04977830203810445
0.0475841413101678 0.04710253890300015
0.04220064386804796 0.04436324681614774
0.03703703703703704 0.0415566279736012
0.032103117483016586 0.03867801797338058
0.02741012223434215 0.03572169686013417
0.022971120954139848 0.032680667011717596
0.01880157658761704 0.02953678921879867
0.014920180724767605 0.026259174427634334
0.011350166034734717 0.022843670233765927
0.008121517699064341 0.01926513886864674
0.005275080483505995 0.015493212553330655
0.002871390119267481 0.011359662097004498
0.0010151897123830426 0.006657622506196521
0.0 0.0
0.0 0.0
0.0010151897123830426 -0.0035561503822953678
0.002871390119267481 -0.005245982938003432
0.005275080483505995 -0.00631524332016583
0.008121517699064341 -0.006953934110574761
0.011350166034734717 -0.007329304118462508
0.014920180724767605 -0.007480751862927808
0.01880157658761704 -0.0074737453014532135
0.022971120954139848 -0.007316046491857994
0.02741012223434215 -0.0070535257540440596
0.032103117483016586 -0.0067015384561911785
0.03703703703703704 -0.0062713954967687086
0.04220064386804796 -0.005775186874066604
0.0475841413101678 -0.00522714624960302
0.05317888920840895 -0.004635497941929434
0.05897719273950932 -0.004007483542425783
0.06497214159251473 -0.0033494881649515575
0.07115748504132687 -0.002667151202680002
0.07752753322022198 -0.001965462597617025
0.08407707793119629 -0.0012488461317227651
0.09080132827787774 -0.0005212313533979839
0.09769585773645055 0.0002138843238441877
0.10475656017578483 0.0009533819645365659
0.11197961297015549 0.0016944746820239547
0.11936144579814084 0.002434667390292652
0.12689871404788033 0.0031717218431292432
0.13458827598943432 0.0039036262011822773
0.1424271730546619 0.004628568483145377
0.1504126127009363 0.005344913355669705
0.15854195343901464 0.006051181799748184
0.16681269168581223 0.006746033261299032
0.1752224501656569 0.0074282499524973965
0.18376896763311878 0.008096723019831
0.1924500897298753 0.008748640136912499
0.2012637608196102 0.009382586229990518
0.21020801667040115 0.009999604602534651
0.2192809778747372 0.010598943705148186
0.22848084391422852 0.01117991344924255
0.23780588778999487 0.0117418782539103
0.24725445115124314 0.012284250883665776
0.2568249398641327 0.01280648698366744
0.26651581997104606 0.013303239862240647
0.2763256139971217 0.013777719123752044
0.2862528975665921 0.014230422135754796
0.29629629629629634 0.014660969158956568
0.30645448293783734 0.015069003556420869
0.31672617474336806 0.015454189107353947
0.32711013103299513 0.01581325853639178
0.3376051509443837 0.016145053636559284
0.3482100713473836 0.01645301498124526
0.3589237649084351 0.016736902926386826
0.36974513829120154 0.016996488344843356
0.3806731304813424 0.017231551493843467
0.3917067112246285 0.01743831028643956
0.4028448795687254 0.017616720675745674
0.41408666249996107 0.01777006363726538
0.4254311136672716 0.01789818236086375
0.4368773121862799 0.018000925549764155
0.4484243615171565 0.018078147283900812
0.4600713884105068 0.018124800869015776
0.47181754191607456 0.018143897300974782
0.4836619924495292 0.018137266077827764
0.4956039309130315 0.018104813785703333
0.5076425678656601 0.01804645294413585
0.5197771327401178 0.01796210270503372
0.5320068731024554 0.01784659222949422
0.5443310539518175 0.01770418853250194
0.5567489570574725 0.017535914105789634
0.5692598803306149 0.017341749937274407
0.5818631372286244 0.017121688625145837
0.594558056189662 0.016875736095039128
0.6073439800956417 0.016601254237881866
0.6202202657617758 0.01629890928229837
0.6331862834510237 0.015971188214200533
0.6462414164119045 0.015618191213000846
0.6593850604382495 0.015240042947943577
0.6726166234495703 0.0148368959838558
0.6859355250908198 0.014408934612875055
0.6993411963504079 0.013956077959230463
0.712833079195415 0.013476260322113902
0.7264106262230219 0.01297285656621605
0.7400733003272381 0.012446231951835704
0.7538205743800791 0.01189680855712609
0.767651930926394 0.011325072960872514
0.7815668618916044 0.010731585005313642
0.7955648683016565 0.010116987822358106
0.8096454600145419 0.009482019343292064
0.8238081554627781 0.008827525557265936
0.8380524814062786 0.008154475839710447
0.852377972695084 0.007463980741241961
0.8667841720414476 0.006757312714335048
0.8812706298008143 0.0060359303639994704
0.8958369037612439 0.005301506946432579
0.9104825589408702 0.004555964014825011
0.9252071673930039 0.003801511335866646
0.9400103080185115 0.0030406944898534218
0.9548915663851267 0.0022764519432458075
0.9698505345533667 0.0015121838748685579
0.9848868109087459 0.0007518356871306314
1.0 0.0
