airfoil_26_0019
1.0 0.0
0.9848868109087459 0.005495976816471345
0.9698505345533667 0.010815358973567125
0.9548915663851267 0.01595960467503858
0.9400103080185115 0.020930281386903275
0.9252071673930039 0.025729060885807988
0.9104825589408702 0.03035771409558009
0.8958369037612439 0.03481810574291989
0.8812706298008143 0.039112188863066055
0.8667841720414476 0.043241999185908
0.852377972695084 0.04720964943243889
0.8380524814062786 0.051017323550653366
0.8238081554627781 0.054667270919019496
0.8096454600145419 0.05816180054451113
0.7955648683016565 0.0615032752808955
0.7815668618916044 0.06469410609155471
0.767651930926394 0.06773674637959527
0.7538205743800791 0.07063368640639339
0.7400733003272381 0.07338744781804935
0.7264106262230219 0.07600057829750648
0.712833079195415 0.07847564635834456
0.6993411963504079 0.08081523629450126
0.6859355250908198 0.0830219432984263
0.6726166234495703 0.0850983687584444
0.6593850604382495 0.08704711574440901
0.6462414164119045 0.08887078468907908
0.6331862834510237 0.09057196927105952
0.6202202657617758 0.0921532525036179
0.6073439800956417 0.09361720303223241
0.594558056189662 0.09496637164234913
0.5818631372286244 0.09620328797752735
0.5692598803306149 0.09733045746694047
0.5567489570574725 0.09835035846007287
0.5443310539518175 0.09926543956541277
0.5320068731024554 0.10007811718898747
0.5197771327401178 0.10079077326771653
0.5076425678656601 0.10140575319177011
0.4956039309130315 0.10192536390940814
0.4836619924495292 0.10235187220713861
0.47181754191607456 0.10268750315746412
0.4600713884105068 0.10293443872597828
0.4484243615171565 0.1030948165291236
0.4368773121862799 0.10317072873352051
0.4254311136672716 0.10316422108741682
0.41408666249996107 0.10307729207448012
0.4028448795687254 0.10290771342817963
0.3917067112246285 0.10266029716481453
0.3806731304813424 0.10233813243820342
0.36974513829120154 0.10194301972450981
0.3589237649084351 0.10147670825844472
0.3482100713473836 0.10094089563200304
0.3376051509443837 0.10033722743644957
0.32711013103299513 0.0996672969342494
0.31672617474336806 0.09893264474698223
0.30645448293783734 0.09813475854450067
0.29629629629629634 0.09727507271965284
0.2862528975665921 0.09635496803175542
0.2763256139971217 0.09537577120062966
0.26651581997104606 0.09433875443134337
0.2568249398641327 0.09324229975520683
0.24725445115124314 0.09208688662172891
0.23780588778999487 0.09087707744849317
0.22848084391422852 0.0896139022944278
0.2192809778747372 0.08829833074331288
0.21020801667040115 0.08693127038337038
0.2012637608196102 0.08551356498547599
0.1924500897298753 0.08404599232438412
0.18376896763311878 0.0825292615774653
0.1752224501656569 0.08096401022322743
0.16681269168581223 0.0793508003467108
0.15854195343901464 0.07769011423990835
0.1504126127009363 0.07598234916161657
0.1424271730546619 0.07422683650230226
0.13458827598943432 0.07241945097501912
0.12689871404788033 0.070565524493312
0.11936144579814084 0.06866503300595754
0.11197961297015549 0.0667178253795888
0.10475656017578483 0.0647236094397565
0.09769585773645055 0.06268193522133711
0.09080132827787774 0.060592174795839296
0.08407707793119629 0.05845349787539924
0.07752753322022198 0.056264842175487585
0.07115748504132687 0.05402487723503745
0.06497214159251473 0.051731960024179804
0.05897719273950932 0.04938408019245758
0.05317888920840895 0.046978792199280056
0.0475841413101678 0.04451313080560902
0.04220064386804796 0.04198350550465038
0.03703703703703704 0.039385568536466
0.032103117483016586 0.03671405052755318
0.02741012223434215 0.033962558549691914
0.022971120954139848 0.03112333629401112
0.01880157658761704 0.02818700268361934
0.014920180724767605 0.02514233478869093
0.011350166034734717 0.021920254627981507
0.008121517699064341 0.018522618732837372
0.005275080483505995 0.014922083749062615
0.002871390119267481 0.011008426878138773
0.0010151897123830426 0.006451843652287979
0.0 0.0
0.0 0.0
0.0010151897123830426 -0.0028624830793205214
0.002871390119267481 -0.004002810094929464
0.005275080483505995 -0.004546820558861178
0.008121517699064341 -0.004730782746987877
0.011350166034734717 -0.0046423306288027036
0.014920180724767605 -0.004385395589529553
0.01880157658761704 -0.003977609787062273
0.022971120954139848 -0.003467840640852586
0.02741012223434215 -0.002873546093843125
0.032103117483016586 -0.0022102016813559753
0.03703703703703704 -0.0014960526275636095
0.04220064386804796 -0.0007416319163088656
0.0475841413101678 4.4019747502828366e-05
0.05317888920840895 0.0008531358859050591
0.05897719273950932 0.0016790361155743653
0.06497214159251473 0.0025150203409889603
0.07115748504132687 0.003356949778682622
0.07752753322022198 0.004200866010369127
0.08407707793119629 0.005043190911717357
0.09080132827787774 0.005880804170563577
0.09769585773645055 0.0067109807054372365
0.10475656017578483 0.007531337086484579
0.11197961297015549 0.008339785582431956
0.11936144579814084 0.009132653971803167
0.12689871404788033 0.009909228522911064
0.13458827598943432 0.010668457596473467
0.1424271730546619 0.011409111962997872
0.1504126127009363 0.012130114107948982
0.15854195343901464 0.012830517855779894
0.16681269168581223 0.013509490734855068
0.1752224501656569 0.014166298688348233
0.18376896763311878 0.01480029279849709
0.1924500897298753 0.015410897743294402
0.2012637608196102 0.01599132303055182
0.21020801667040115 0.016546804141798165
0.2192809778747372 0.017077191256843687
0.22848084391422852 0.017582163619846113
0.23780588778999487 0.01806143484955869
0.24725445115124314 0.01851474774037811
0.2568249398641327 0.018937950079692324
0.26651581997104606 0.01933043715383984
0.2763256139971217 0.0196961989692663
0.2862528975665921 0.020035104251085935
0.29629629629629634 0.020347032645014432
0.30645448293783734 0.020631872589197582
0.31672617474336806 0.020882053663068025
0.32711013103299513 0.021103601307651893
0.3376051509443837 0.02129783771796059
0.3482100713473836 0.021464716708515155
0.3589237649084351 0.021604193600109466
0.36974513829120154 0.021711119287673337
0.3806731304813424 0.02178688482613764
0.3917067112246285 0.021835343527327456
0.4028448795687254 0.021856495683865
0.41408666249996107 0.02185034152550255
0.4254311136672716 0.02181312938811612
0.4368773121862799 0.021744074586595923
0.4484243615171565 0.02164807914183603
0.4600713884105068 0.021525187417110382
0.47181754191607456 0.021375446748296053
0.4836619924495292 0.021196716865557415
0.4956039309130315 0.02098603105595382
0.5076425678656601 0.02074914852259071
0.5197771327401178 0.020486177892428174
0.5320068731024554 0.02019723868285802
0.5443310539518175 0.019882463782780177
0.5567489570574725 0.019536256678985377
0.5692598803306149 0.01916462203171614
0.5818631372286244 0.018768259113015717
0.594558056189662 0.01834741287425146
0.6073439800956417 0.017902358161752025
0.6202202657617758 0.017433125384007882
0.6331862834510237 0.0169363492889743
0.6462414164119045 0.016417062665542943
0.6593850604382495 0.015875731944143302
0.6726166234495703 0.015312882654204656
0.6859355250908198 0.014729108219541695
0.6993411963504079 0.014125080006715798
0.712833079195415 0.013501558848449132
0.7264106262230219 0.012857977902863346
0.7400733003272381 0.012196900815621699
0.7538205743800791 0.011519863984019682
0.767651930926394 0.010828114474626145
0.7815668618916044 0.010123069908660505
0.7955648683016565 0.009406344833562877
0.8096454600145419 0.008679781748151554
0.8238081554627781 0.007945487781808275
0.8380524814062786 0.007205878281269043
0.852377972695084 0.00646372888614707
0.8667841720414476 0.0057222381014054155
0.8812706298008143 0.004985102936414386
0.8958369037612439 0.004256610924620627
0.9104825589408702 0.0035417528339689156
0.9252071673930039 0.0028463617243296275
0.9400103080185115 0.002177285846486986
0.9548915663851267 0.0015468469319341745
0.9698505345533667 0.0009659418625425399
0.9848868109087459 0.00044522572191106423
1.0 0.0
