airfoil_8_0016
1.0 0.0
0.9848868109087459 0.00551117309348822
0.9698505345533667 0.01087096498294967
0.9548915663851267 0.016079150824990417
0.9400103080185115 0.021135633179886974
0.9252071673930039 0.026040571693201016
0.9104825589408702 0.030794201294015482
0.8958369037612439 0.03539688024415879
0.8812706298008143 0.039849086886679555
0.8667841720414476 0.04415141608395856
0.852377972695084 0.048304575374376824
0.8380524814062786 0.052309380876963275
0.8238081554627781 0.056166752973685403
0.8096454600145419 0.05987771179903232
0.7955648683016565 0.0634433725662861
0.7815668618916044 0.06686494075940383
0.767651930926394 0.07014370721875314
0.7538205743800791 0.07328064629712445
0.7400733003272381 0.07627719474855442
0.7264106262230219 0.07913511078537573
0.712833079195415 0.08185596952513895
0.6993411963504079 0.08444140736551042
0.6859355250908198 0.08689311693747705
0.6726166234495703 0.08921284210886242
0.6593850604382495 0.09140237305687837
0.6462414164119045 0.09346354142683522
0.6331862834510237 0.0953982155925186
0.6202202657617758 0.09720829603211549
0.6073439800956417 0.09889571083196064
0.594558056189662 0.10046241132878479
0.5818631372286244 0.10191036789958918
0.5692598803306149 0.10324156590676031
0.5567489570574725 0.10445800180457986
0.5443310539518175 0.10556167941188285
0.5320068731024554 0.10655460635428385
0.5197771327401178 0.10743879067812152
0.5076425678656601 0.10821623763707834
0.4956039309130315 0.10888894665130588
0.4836619924495292 0.10945890843783762
0.47181754191607456 0.10992810231008934
0.4600713884105068 0.1102984936433381
0.4484243615171565 0.11057203150222576
0.4368773121862799 0.11075064642555081
0.4254311136672716 0.11083624836288625
0.41408666249996107 0.11083072475688649
0.4028448795687254 0.11073593876451471
0.3917067112246285 0.11055372760982582
0.3806731304813424 0.1102846947141683
0.36974513829120154 0.10992672974576949
0.3589237649084351 0.10948659533018058
0.3482100713473836 0.10896601102361705
0.3376051509443837 0.10836666269006784
0.32711013103299513 0.10769020136324296
0.31672617474336806 0.1069382421688539
0.30645448293783734 0.10611236329398406
0.29629629629629634 0.10521410498928786
0.2862528975665921 0.10424496858857568
0.2763256139971217 0.10320641552895507
0.26651581997104606 0.10209986635305433
0.2568249398641327 0.1009266996728907
0.24725445115124314 0.0996882510725826
0.23780588778999487 0.09838350025426315
0.22848084391422852 0.09701081328336043
0.2192809778747372 0.09557650117337597
0.21020801667040115 0.09408169989499386
0.2012637608196102 0.09252749303070087
0.1924500897298753 0.09091490953573926
0.18376896763311878 0.08924492115002625
0.1752224501656569 0.0875184393880821
0.16681269168581223 0.08573631201973901
0.15854195343901464 0.08389931893657666
0.1504126127009363 0.08200816727663872
0.1424271730546619 0.08006348565170301
0.13458827598943432 0.07806581728543803
0.12689871404788033 0.07601561182480894
0.11936144579814084 0.07390627227732709
0.11197961297015549 0.07174486016789244
0.10475656017578483 0.06953159025812834
0.09769585773645055 0.06726643343131064
0.09080132827787774 0.06494920279143984
0.08407707793119629 0.0625795313425084
0.07752753322022198 0.0601568448214122
0.07115748504132687 0.05768032847055304
0.06497214159251473 0.05514888619501223
0.05897719273950932 0.052561090110078514
0.05317888920840895 0.049915117928281155
0.0475841413101678 0.04720867495175224
0.04220064386804796 0.04443889665339109
0.03703703703703704 0.041602227080608324
0.032103117483016586 0.0386942680035086
0.02741012223434215 0.03570959496661444
0.022971120954139848 0.03264154214509741
0.01880157658761704 0.029481976074631343
0.014920180724767605 0.026208810947857247
0.011350166034734717 0.022773116102792507
0.008121517699064341 0.019177666424481665
0.005275080483505995 0.015392928343558421
0.002871390119267481 0.011293028970589335
0.0010151897123830426 0.00659065395686406
0.0 0.0
0.0 0.0
0.0010151897123830426 -0.003511686330711335
0.002871390119267481 -0.005205133979680579
0.005275080483505995 -0.006255223108806816
0.008121517699064341 -0.0069328177428177795
0.011350166034734717 -0.007315321286886417
0.014920180724767605 -0.007492639440035461
0.01880157658761704 -0.00748383722135643
0.022971120954139848 -0.007345640741456619
0.02741012223434215 -0.007097374135208015
0.032103117483016586 -0.006750136728853978
0.03703703703703704 -0.006324767815640856
0.04220064386804796 -0.005836146538254514
0.0475841413101678 -0.0052942645881408745
0.05317888920840895 -0.004707885810922522
0.05897719273950932 -0.0040847118415360826
0.06497214159251473 -0.003431525901611506
0.07115748504132687 -0.002754316343129543
0.07752753322022198 -0.0020583823102601844
0.08407707793119629 -0.0013484239958364607
0.09080132827787774 -0.0006286197903821642
0.09769585773645055 9.730765502097131e-05
0.10475656017578483 0.0008260347219806369
0.11197961297015549 0.0015545880146887517
0.11936144579814084 0.002280302224413436
0.12689871404788033 0.003000783648748803
0.13458827598943432 0.00371387851523075
0.1424271730546619 0.004417645399676116
0.1504126127009363 0.005110331146005405
0.15854195343901464 0.005790349790424424
0.16681269168581223 0.006456264072219428
0.1752224501656569 0.007106769179068291
0.18376896763311878 0.007740678429180051
0.1924500897298753 0.008353716357579278
0.2012637608196102 0.008946726548205282
0.21020801667040115 0.009519784780964711
0.2192809778747372 0.01007210406754274
0.22848084391422852 0.010602966492470842
0.23780588778999487 0.011111716077741647
0.24725445115124314 0.011597752474022614
0.2568249398641327 0.012060241596777736
0.26651581997104606 0.01249315411674824
0.2763256139971217 0.012901631453349875
0.2862528975665921 0.013285292907889119
0.29629629629629634 0.013643791122960436
0.30645448293783734 0.013976809122855314
0.31672617474336806 0.014284057754566372
0.32711013103299513 0.014562013087762532
0.3376051509443837 0.014810143787253644
0.3482100713473836 0.015031805444795975
0.3589237649084351 0.015226847541482548
0.36974513829120154 0.015395138902209546
0.3806731304813424 0.015536566991591996
0.3917067112246285 0.015648870116810164
0.4028448795687254 0.01572959173740887
0.41408666249996107 0.01578341826731117
0.4254311136672716 0.015810352767057046
0.4368773121862799 0.015810416268637027
0.4484243615171565 0.015783648517870546
0.4600713884105068 0.015728738713346808
0.47181754191607456 0.015642490020137692
0.4836619924495292 0.01553000875000075
0.4956039309130315 0.015391460316177875
0.5076425678656601 0.015227035369809428
0.5197771327401178 0.015036952126467362
0.5320068731024554 0.014821459014311566
0.5443310539518175 0.014576573094793703
0.5567489570574725 0.014306770871690647
0.5692598803306149 0.01401302858452668
0.5818631372286244 0.013695779020651198
0.594558056189662 0.013355502861833757
0.6073439800956417 0.012992733933028789
0.6202202657617758 0.01260806508037323
0.6331862834510237 0.012199851763777041
0.6462414164119045 0.011771045937487786
0.6593850604382495 0.011323115208813543
0.6726166234495703 0.010856973535527295
0.6859355250908198 0.010373632188785854
0.6993411963504079 0.009874211092227952
0.712833079195415 0.009359951622667529
0.7264106262230219 0.008832231094497146
0.7400733003272381 0.008292579190061477
0.7538205743800791 0.007742696646668047
0.767651930926394 0.00718434510744129
0.7815668618916044 0.006620018327641898
0.7955648683016565 0.006052097574207714
0.8096454600145419 0.0054831387947423165
0.8238081554627781 0.004915994078890588
0.8380524814062786 0.004353851417805068
0.852377972695084 0.0038002807925653307
0.8667841720414476 0.0032592878022932948
0.8812706298008143 0.002735376315086359
0.8958369037612439 0.0022336219681606292
0.9104825589408702 0.0017599842776708232
0.9252071673930039 0.0013240851804761568
0.9400103080185115 0.0009318487299601677
0.9548915663851267 0.000592229068715652
0.9698505345533667 0.0003155057941962765
0.9848868109087459 0.00011352584944280888
1.0 0.0
